0
2880
5730
8540
11326
14085
16816
19547
22249
24933
27581
30202
32823
35415
37960
40480
43001
45497
47971
50417
52844
55249
57624
59970
62311
64630
66936
69216
71476
73735
75976
78198
80401
82586
84761
86915
89033
91147
93228
95291
97338
99368
101367
103353
105323
107265
109193
111108
113022
114921
116821
118707
120593
122465
124324
126158
127978
129792
131587
133369
135140
136904
138647
140381
142106
143813
145504
147185
148865
150532
152181
153824
155460
157089
158702
160310
161908
163504
165093
166668
168238
169798
171358
172903
174434
175958
177473
178982
180478
181968
183449
184924
186387
187844
189300
190756
192205
193650
195084
196508
197928
199343
200745
202140
203535
204924
206311
207687
209054
210418
211772
213124
214468
215809
217146
218475
219795
221107
222417
223718
225011
226296
227581
228862
230140
231406
232666
233922
235177
236424
237666
238905
240141
241371
242594
243810
245024
246232
247434
248631
249824
251016
252202
253388
254567
255742
256914
258085
259255
260420
261583
262741
263892
265042
266187
267326
268460
269590
270720
271847
272972
274093
275209
276320
277430
278540
279646
280747
281844
282938
284030
285118
286202
287281
288359
289433
290507
291580
292649
293713
294774
295833
296890
297947
