0
883
1767
2652
3538
4424
5309
6198
7086
7975
8865
9757
10648
11541
12435
13330
14225
15122
16020
16918
17815
18713
19611
20509
21410
22311
23212
24113
25016
25920
26825
27732
28639
29547
30457
31367
32278
33188
34098
35008
35921
36834
37747
38661
39575
40492
41408
42328
43248
44168
45090
46013
46936
47859
48782
49705
50630
51556
52482
53409
54338
55268
56198
57130
58063
58996
59931
60867
61803
62739
63676
64612
65549
66488
67428
68368
69311
70254
71197
72142
73089
74035
74982
75928
76876
77826
78776
79726
80677
81630
82583
83537
84494
85451
86408
87368
88328
89289
90248
91209
92172
93136
94100
95064
96029
96995
97963
98931
99901
100872
101844
102818
103791
104764
105739
106714
107691
108669
109648
110629
111609
112591
113574
114557
115540
116523
117509
118497
119486
120476
121467
122457
123450
124443
125437
126432
127428
128423
129421
130420
131420
132421
133422
134425
135428
136431
137434
138440
139446
140452
141460
142471
143483
144496
145509
146523
147540
148556
149572
150592
151613
152634
153656
154678
155702
156726
157750
158774
159799
160826
161853
162881
163912
164944
165978
167013
168048
169082
170117
171154
172192
173232
174272
175315
176358
177404
178450
179496
180541
181588
182636
183686
184737
185790
186844
187900
188957
190014
191071
192131
193191
194251
195313
196376
197439
198505
199571
200640
201708
202777
203847
204918
205990
207063
208138
209215
210292
211370
212450
213530
214610
215692
216775
217860
218946
220034
221124
222213
223305
224398
225490
226583
227678
228773
229871
230969
232070
233171
234273
235377
236482
237586
238691
239797
240904
242014
243128
244242
245356
246473
247590
248707
249824
250941
252058
253178
254298
255422
256546
257673
258801
259931
261061
262191
263321
264454
265587
266720
267855
268992
270131
271271
272414
273557
274700
275843
276988
278135
279281
280431
281582
282735
283890
285046
286203
287359
288516
289672
290831
291993
293159
294326
295493
296661
297831
299001
300172
301346
302519
303693
304869
306046
307223
308404
309586
310770
311955
313139
314324
315512
316701
317893
319087
320282
321478
322677
323876
325074
326273
327473
328675
329878
331083
332289
333496
334706
335916
337129
338343
339557
340774
341992
343209
344427
345650
346875
348100
349328
350557
351788
353020
354253
355486
356724
357965
359205
360445
361686
362926
364170
365414
366660
367908
369157
370405
371658
372912
374169
375426
376686
377949
379209
380470
381732
382996
384260
385529
386797
388066
389338
390612
391892
393172
394453
395734
397015
398296
399582
400871
402160
403450
404741
406034
407328
408621
409917
411215
412513
413810
415108
416411
417717
419023
420330
421641
422951
424262
425574
426889
428208
429528
430849
432173
433497
434824
436152
437481
438809
440137
441470
442803
444140
445477
446817
448159
449502
450849
452195
453542
454889
456240
457592
458948
460304
461665
463025
464386
465747
467111
468476
469844
471214
472586
473961
475340
476720
478100
479480
480865
482249
483634
485018
486403
487793
489182
490577
491974
493374
494775
496180
497584
498989
500393
501797
503206
504615
506028
507444
508863
510283
511707
513132
514557
515982
517411
518841
520276
521713
523154
524594
526038
527484
528930
530376
531827
533278
534736
536198
537662
539129
540596
542063
543532
545005
546478
547957
549440
550928
552417
553907
555397
556892
558387
559882
561377
562875
564382
565889
567401
568913
570431
571950
573468
574986
576505
578027
579552
581082
582618
584154
585690
587226
588762
590304
591846
593394
594942
596490
598039
599593
601152
602713
604273
605833
607400
608973
610546
612119
613692
615271
616854
618439
620025
621610
623196
624784
626376
627968
629560
631158
632759
634364
635969
637576
639187
640799
642410
644022
645636
647254
648872
650497
652122
653750
655382
657020
658658
660297
661940
663585
665230
666875
668522
670174
671833
673493
675152
676811
678477
680143
681813
683486
685159
686833
688513
690193
691881
693569
695263
696958
698653
700348
702048
703751
705451
707159
708869
710586
712303
714020
715741
717465
719190
720919
722651
724384
726122
727862
729604
731352
733099
734851
736607
738362
740118
741881
743644
745407
747178
748954
750733
752513
754300
756087
757875
759662
761449
763237
765030
766830
768636
770448
772260
774072
775889
777710
779530
781359
783188
785017
786850
788688
790525
792371
794217
796064
797915
799770
801625
803479
805334
807198
809070
810943
812815
814697
816578
818469
820359
822250
824149
826049
827948
829848
831761
833679
835595
837522
839450
841377
843305
845232
847160
849087
851029
852971
854913
856863
858819
860775
862746
864717
866688
868659
870645
872631
874617
876603
878589
880575
882576
884577
886578
888595
890611
892628
894660
896692
898724
900756
902796
904844
906892
908940
910988
913036
915097
917161
919225
921305
923386
925466
927564
929661
931758
933855
935969
938083
940197
942311
944425
946539
948671
950802
952933
955078
957227
959375
961542
963708
965875
968041
970226
972410
974595
976779
978964
981148
983334
985536
987739
989954
992176
994397
996638
998878
1001119
1003379
1005639
1007899
1010158
1012418
1014678
1016951
1019230
1021510
1023789
1026089
1028388
1030708
1033028
1035348
1037675
1040016
1042356
1044697
1047038
1049378
1051740
1054101
1056463
1058825
1061208
1063591
1065989
1068394
1070799
1073204
1075616
1078043
1080470
1082898
1085325
1087752
1090202
1092652
1095121
1097594
1100067
1102563
1105060
1107557
1110053
1112574
1115094
1117615
1120136
1122665
1125210
1127755
1130300
1132870
1135440
1138010
1140606
1143201
1145797
1148418
1151040
1153661
1156283
1158920
1161568
1164216
1166864
1169518
1172192
1174895
1177598
1180300
1183031
1185761
1188492
1191223
1193953
1196695
1199455
1202214
1205003
1207791
1210610
1213429
1216248
1219097
1221946
1224796
1227645
1230495
1233375
1236256
1239164
1242077
1244990
1247935
1250880
1253859
1256838
1259817
1262796
1265775
1268788
1271801
1274833
1277881
1280965
1284049
1287165
1290285
1293406
