0
4297
8458
12589
16651
20623
24536
28391
32135
35793
39434
43025
46520
49970
53374
56692
59969
63205
66392
69513
72634
75697
78710
81689
84634
87534
90383
93230
96022
98763
101493
104194
106842
109463
112059
114604
117124
119610
122059
124487
126875
129235
131566
133851
136111
138352
140565
142750
144916
147049
149162
151257
153318
155362
157390
159387
161370
163338
165277
167191
169091
170965
172838
174690
176518
178323
180107
181878
183643
185388
187112
188826
190524
192203
193865
195510
197148
198770
200375
201974
203559
205128
206689
208239
209775
211297
212807
214303
215787
217259
218718
220175
221627
223068
224497
225922
227338
228742
230137
231528
232909
234281
235646
237005
238355
239695
241027
242356
243676
244988
246297
247601
248901
250192
251474
252749
254016
255277
256537
257793
259042
260283
261520
262753
263979
265198
266411
267622
268826
270024
271215
272405
273589
274766
275938
277103
278262
279416
280563
281705
282841
283976
285111
286241
287369
288493
289611
290723
291831
292933
294031
295123
296215
297307
298393
299475
300552
301626
302698
303765
304828
305886
306943
308000
309053
310102
311146
312186
313222
314253
315281
316305
317328
318348
319367
320382
321393
322400
323405
324409
325412
326412
327407
328399
329388
330377
331361
332342
333321
334298
335272
336243
337210
338177
339141
340105
341065
342022
342976
343929
344880
345830
346777
347721
348663
349602
350540
351477
352412
353344
354273
355199
356122
357045
357966
358885
359803
360718
361630
362540
363449
364356
365263
366167
367068
367968
368867
369765
370661
371555
372449
373340
374228
375114
376000
376885
377769
378650
379529
380405
381278
382152
383026
383898
384767
