0
2850
5699
8549
11398
14217
17035
19885
22734
25584
28433
31252
34056
36815
39547
42278
44980
47655
50303
52951
55572
58194
60809
63384
65929
68474
70995
73515
76012
78508
80972
83422
85850
88277
90704
93109
95473
97829
100170
102510
104845
107165
109485
111805
114125
116445
118761
121040
123300
125541
127782
129995
132187
134357
136524
138690
140834
142959
145073
147187
149301
151401
153483
155548
157612
159660
161708
163740
165769
167786
169799
171800
173786
175772
177758
179741
181712
183667
185609
187551
189478
191406
193333
195247
197160
199067
200961
202847
204720
206592
208464
210327
212186
214039
215885
217718
219552
221372
223192
225013
226821
228628
230424
232207
233985
235756
237528
239299
241064
242824
244583
246331
248067
249800
251525
253249
254974
256697
258411
260118
261820
263512
265203
266884
268564
270245
271921
273591
275253
276913
278561
280210
281849
283487
285125
286754
288382
290000
291618
293236
294845
296453
298051
299650
301242
302830
304419
305998
307578
309147
310716
312276
313836
315397
316954
318505
320052
321594
323131
324663
326187
327711
329235
330758
332273
333788
335297
336795
338293
339791
341289
342778
344268
345757
347241
348721
350194
351658
353123
354587
356048
357504
358961
360417
361865
363314
364754
366189
367622
369054
370480
371904
373329
374754
376174
377591
379005
380414
381822
383223
384625
386019
387414
388808
390202
391589
392976
394363
395743
397123
398496
399868
401236
402601
403967
405332
406697
408055
409413
410764
412116
413461
414805
416145
417483
418820
420158
421495
422831
424162
425492
426816
428137
429454
430770
432081
433391
434702
436010
437314
438618
439922
441223
442520
443812
445103
446389
447674
448959
450244
451529
452813
454091
455370
456643
457913
459180
460446
461712
462972
464232
465493
466753
468011
469265
470519
471772
473020
474265
475507
476748
477985
479221
480458
481695
482929
484160
485390
486615
487839
489058
490277
491497
492715
493929
495142
496356
497570
498782
499990
501198
502402
503604
504801
505998
507192
508383
509575
510766
511958
513146
514333
515519
516700
517880
519059
520234
521410
522580
523750
524921
526091
527258
528423
529588
530752
531912
533069
534224
535379
536529
537679
538828
539978
541128
542278
543423
544568
545712
546852
547991
549129
550263
551398
552533
553663
554793
555923
557050
558175
559301
560426
561551
562671
563786
564902
566017
567133
568245
569356
570466
571577
572687
573794
574900
576006
577109
578211
579312
580410
581507
582603
583696
584788
585880
586972
588065
589154
590242
591330
592414
593497
594580
595659
596738
597816
598890
599964
601039
602113
603187
604259
605329
606399
607469
608534
609600
610661
611723
612784
613844
614901
615958
617015
618072
619127
620180
