0
4981
9945
14910
19729
24410
28961
33389
37701
41902
45998
50093
54001
57811
61578
65302
68953
72515
75939
79352
82765
86109
89367
92550
95701
98809
101900
104889
107828
110754
113628
116453
119230
121961
124665
127340
129946
132506
135066
137587
140069
142499
144909
147283
149639
151946
154222
156497
158742
160931
163087
165238
167358
169449
171512
173548
175559
177532
179497
181447
183390
185318
187220
189082
190944
192805
194635
196448
198249
200030
201811
203573
205316
207041
208754
210454
212143
213819
215484
217138
218777
220415
222038
223651
225242
226821
228397
229972
231526
233044
234561
236064
237554
239070
240567
242019
243469
244919
246369
247818
249281
250736
252159
253572
254984
256397
257800
259188
260564
261941
263315
264681
266046
267408
268754
270086
271418
272743
274065
275386
276701
278002
279292
280577
281857
283137
284414
285684
286945
288196
289443
290684
291926
293166
294398
295625
296847
298061
299273
300478
301683
302880
304076
305270
306455
307633
308806
309976
311138
312300
313462
314620
315768
316914
318052
319189
320325
321455
322581
323699
324813
325922
327029
328136
329243
330348
331447
332543
333636
334723
335808
336888
337966
339043
340114
341185
342255
343319
344380
345438
346492
347542
348592
349639
350682
351722
352759
353791
354821
355852
356882
357907
358931
359955
360974
361991
363003
364015
365020
366025
367025
368024
369023
370022
371021
372014
373007
373995
374976
375957
376938
377915
378890
379865
380840
381816
382787
383756
384722
385686
386646
387605
388560
389513
390465
391418
392369
393316
394263
395209
396151
397092
398029
398965
399901
400833
401764
402695
403626
404555
405480
406406
407330
408251
409171
410086
411001
411917
412828
413738
414649
415559
416467
417372
418277
419182
420082
420983
421879
422774
423667
424557
425447
426338
427228
428119
429009
429896
430781
431664
432545
433426
434306
435182
436058
436930
437802
438673
439545
440416
441288
442159
443026
443893
444760
445624
