0
758
1516
2275
3034
3794
4554
5314
6076
6839
7602
8365
9129
9895
10662
11430
12200
12971
13745
14519
15295
16072
16850
17628
18406
19184
19964
20744
21526
22309
23091
23875
24659
25446
26233
27022
27813
28605
29397
30191
30986
31782
32580
33378
34177
34977
35778
36580
37383
38187
38992
39799
40608
41418
42230
43043
43857
44671
45486
46302
47120
47937
48756
49575
50394
51214
52036
52859
53684
54510
55339
56169
57000
57832
58666
59500
60336
61172
62008
62845
63682
64521
65361
66203
67045
67890
68736
69584
70433
71283
72134
72987
73840
74694
75547
76402
77258
78115
78974
79834
80696
81560
82425
83292
84161
85032
85903
86776
87651
88527
89405
90283
91160
92039
92919
93801
94683
95568
96453
97340
98229
99119
100010
100903
101798
102695
103592
104491
105393
106296
107200
108104
109011
109918
110827
111738
112651
113564
114480
115397
116314
117232
118152
119074
119997
120922
121848
122776
123706
124637
125568
126501
127437
128375
129313
130253
131195
132140
133085
134031
134980
135929
136881
137834
138789
139744
140700
141659
142619
143579
144542
145508
146475
147445
148416
149391
150366
151344
152322
153303
154284
155267
156250
157235
158221
159210
160200
161193
162188
163184
164183
165183
166186
167190
168197
169204
170213
171223
172235
173250
174266
175283
176303
177326
178350
179377
180405
181435
182468
183501
184536
185573
186613
187654
188699
189746
190796
191847
192901
193957
195015
196075
197134
198193
199254
200318
201384
202453
203526
204602
205681
206762
207846
208932
210019
211108
212198
213290
214385
215482
216582
217685
218790
219897
221006
222117
223231
224348
225465
226585
227708
228834
229962
231089
232218
233351
234488
235627
236768
237914
239062
240213
241366
242523
243682
244842
246003
247167
248334
249504
250675
251849
253027
254208
255392
256577
257765
258957
260150
261346
262542
263742
264945
266152
267362
268577
269793
271012
272231
273454
274681
275911
277145
278383
279624
280867
282113
283361
284612
285866
287120
288377
289638
290903
292172
293446
294724
296004
297286
298573
299861
301154
302447
303745
305048
306352
307660
308972
310290
311611
312932
314257
315582
316912
318247
319584
320925
322271
323621
324971
326325
327684
329048
330413
331784
333160
334540
335923
337307
338697
340092
341489
342891
344299
345708
347121
348538
349961
351389
352820
354256
355699
357145
358591
360044
361498
362957
364419
365887
367362
368840
370321
371807
373301
374799
376302
377810
379322
380839
382356
383880
385411
386947
388488
390031
391582
393136
394693
396257
397830
399405
400985
402572
404166
405764
407365
408974
410587
412204
413823
415450
417087
418727
420371
422024
423680
425341
427010
428689
430372
432063
433756
435457
437164
438873
440593
442323
444053
445790
447535
449296
451057
452822
454604
456391
458172
459966
461776
463596
465410
467222
469054
470891
472748
474610
476479
478348
480223
482111
484006
485914
487830
489750
491672
493609
495552
497503
499470
501444
503426
505408
507398
509412
511427
513450
515490
517538
519595
521662
523745
525831
527936
530052
532170
534297
536444
538599
540765
542939
545131
547325
549541
551768
554002
556255
558521
560797
563083
565390
567709
570038
572390
574753
577116
579503
581912
584333
586766
589211
591672
594164
596672
599179
601704
604262
606822
609402
612002
614624
617266
619920
622606
625314
628044
630798
633575
636375
639199
642024
644885
647785
650711
653642
656621
659628
662662
665704
668795
671931
675082
678258
681473
684727
688004
691314
694666
698067
701482
704951
708474
712036
715637
719315
723038
726777
730595
734496
738397
742392
746438
750541
754742
759032
763343
767794
772345
