0
3053
6049
9074
12099
15124
18148
21083
24084
27109
30134
33159
36183
39208
42233
45258
48192
51126
53997
56826
59519
62140
64710
67247
69736
72209
74636
77049
79417
81786
84141
86467
88780
91093
93434
95803
98230
100657
103100
105542
107969
110397
112824
115251
117678
120061
122430
124799
127168
129508
131821
134134
136447
138760
141074
143333
145593
147853
150113
152373
154582
156791
159000
161209
163418
165627
167836
169997
172157
174318
176478
178627
180753
182867
184981
187095
189198
191267
193337
195406
197476
199513
201540
203567
205594
207621
209648
211634
213620
215606
217591
219538
221485
223431
225378
227325
229233
231142
233051
234960
236841
238714
240586
242459
244305
246142
247980
249792
251595
253399
255203
257007
258786
260557
262328
264076
265816
267556
269296
271013
272722
274432
276142
277822
279502
281176
282835
284487
286139
287791
289437
291068
292693
294318
295923
297521
299120
300718
302310
303889
305462
307035
308602
310156
311704
313252
314800
316330
317854
319378
320903
322421
323922
325422
326923
328424
329908
331386
332864
334321
335799
337255
338712
340163
341598
343028
344447
345862
347276
348685
350085
351479
352874
354253
355628
356998
358359
359715
361071
362422
363764
365101
366439
367776
369100
370420
371739
373054
374361
375663
376965
378263
379552
380837
382122
383407
384680
385948
387216
388485
389749
391005
392258
393510
394750
395987
397224
398460
399693
400918
402139
403360
404577
405787
406993
408200
409406
410612
411818
413024
414231
415437
416639
417834
419030
420221
421413
422604
423796
424987
426179
427356
428534
429711
430888
432065
433243
434420
435597
436775
437952
439126
440293
441456
442619
443783
444943
446096
447245
448395
449545
450681
451815
452941
454065
455188
456312
457435
458559
459679
460799
461913
463024
464135
465245
466347
467445
468544
469639
470728
471814
472901
473987
475070
476147
477222
478296
479371
480436
481499
482562
483624
484684
485741
486793
487844
488895
489947
490987
492025
493057
494089
495121
496150
497179
498209
499238
500268
501297
502326
503342
504356
505367
506375
507383
508391
509400
510405
511408
512409
513407
514405
515400
516391
517379
518367
519355
520343
521331
522319
523304
524285
525263
526241
527219
528195
529166
530134
531103
532071
533040
534009
534975
535936
536895
537854
538813
539763
540713
541663
542612
543562
544512
545460
546403
547345
548286
549227
550168
551106
552045
552979
553910
554842
555774
556706
557635
558560
559484
560407
561330
562253
563176
564099
565020
565936
566851
567765
568680
569594
570508
571423
572335
573243
574152
575058
575964
576870
577776
578682
579586
580483
581381
582279
583177
584074
584970
585866
586757
587647
588537
589426
590316
591206
592095
592985
593872
594756
595640
596521
597403
598285
599166
600048
600930
601809
602685
603559
604433
605307
606180
607054
607928
608802
609676
610544
611410
612276
613142
614008
614874
615740
616604
617465
618325
619184
620042
620901
621760
622618
623477
624333
625190
626043
