0
6722
13122
19469
25167
30517
35657
40483
45082
49525
53845
57941
61927
65803
69579
73170
76619
80069
83419
86675
89809
92833
95812
98739
101588
104371
107101
109776
112398
114998
117533
120010
122431
124822
127183
129516
131803
134046
136247
138427
140569
142683
144780
146849
148886
150891
152877
154838
156771
158691
160585
162457
164315
166148
167968
169762
171533
173292
175041
176770
178491
180193
181877
183553
185201
186840
188465
190074
191672
193261
194837
196404
197958
199497
201022
202543
204043
205532
207014
208485
209943
211397
212840
214272
215696
217114
218513
219907
221292
222665
224031
225395
226749
228094
229430
230756
232074
233383
234684
235977
237262
238544
239819
241086
242346
243604
244854
246097
247333
248568
249795
251015
252228
253435
254635
255828
257015
258196
259370
260540
261708
262869
264025
265174
266324
267472
268613
269745
270875
272000
273121
274236
275347
276456
277561
278660
279754
280846
281935
283019
284098
285172
286246
287315
288380
289440
290497
291553
292604
293650
294692
295733
296770
297804
298833
299859
300883
301904
302924
303937
304947
305955
306960
307964
308966
309963
310957
311950
312940
313929
314916
315898
316878
317856
318831
319804
320772
321738
322701
323663
324622
325577
326531
327483
328433
329382
330327
331270
332210
333149
334086
335022
335955
336888
337817
338743
339668
340591
341513
342432
343348
344261
345175
346085
346995
347903
348810
349716
350618
351518
