0
918
1832
2746
3659
4575
5496
6419
7342
8265
9192
10118
11044
11968
12891
13814
14737
15662
16588
17516
18445
19375
20308
21241
22174
23107
24040
24975
25912
26848
27784
28720
29657
30593
31529
32465
33402
34342
35282
36225
37168
38111
39057
40003
40949
41898
42848
43798
44748
45698
46647
47597
48548
49501
50455
51409
52366
53323
54283
55243
56203
57164
58127
59091
60055
61022
61989
62956
63926
64900
65874
66849
67826
68804
69782
70762
71744
72728
73714
74701
75692
76685
77678
78671
79666
80663
81661
82664
83668
84674
85683
86691
87701
88713
89728
90746
91766
92789
93813
94837
95863
96891
97922
98958
99994
101034
102074
103118
104162
105211
106264
107321
108378
109437
110498
111561
112628
113698
114771
115845
116923
118006
119093
120181
121273
122366
123463
124562
125665
126774
127885
128996
130111
131227
132348
133475
134604
135737
136872
138011
139156
140301
141451
142601
143753
144912
146072
147237
148408
149580
150755
151935
153121
154313
155504
156699
157896
159098
160306
161516
162729
163947
165167
166393
167626
168863
170105
171348
172599
173853
175108
176368
177631
178897
180170
181450
182735
184020
185312
186603
187899
189203
190510
191820
193131
194450
195778
197109
198447
199784
201128
202474
203830
205196
206561
207932
209305
210689
212076
213470
214870
216272
217686
219103
220527
221952
223384
224822
226271
227728
229184
230649
232121
233602
235083
236567
238057
239558
241072
242597
244135
245663
247197
248744
250296
251857
253421
254997
256578
258169
259759
261366
262972
264594
266233
267871
269509
271148
272814
274485
276175
277864
279559
281266
282973
284697
286440
288184
289945
291718
293498
295279
297078
298893
300713
302554
304400
306262
308123
309985
311847
313743
315659
317586
319537
321487
323438
325412
327391
329394
331424
333472
335520
337578
339665
341793
343921
346076
348232
350394
352579
354793
357037
359313
361588
363887
366227
368617
371027
373436
375846
378258
380746
383295
385883
388504
391126
393790
396493
399223
401977
404796
407645
410526
413471
416450
419463
422524
425645
428789
431986
435224
438501
441848
445256
448706
452248
455874
459515
463260
467112
471015
475040
479136
483297
487595
491964
496407
501006
505687
510453
515399
520441
525482
530622
535972
541215
548442
