0
4455
8825
13103
17331
21427
25509
29470
33402
37255
41036
44761
48428
52040
55551
59062
62452
65823
69100
72345
75484
78580
81641
84611
87523
90410
93219
95977
98698
101355
103967
106548
109086
111584
114044
116482
118884
121238
123574
125877
128151
130395
132612
134801
136964
139102
141216
143306
145374
147419
149441
151445
153428
155392
157328
159255
161155
163038
164904
166754
168588
170407
172202
173990
175760
177515
179255
180981
182702
184402
186097
187773
189438
191091
192732
194362
195975
197577
199169
200751
202323
203885
205438
206977
208511
210036
211552
213059
214552
216032
217503
218971
220431
221884
223329
224763
226188
227610
229021
230425
231821
233210
234595
235975
237345
238708
240064
241414
242759
244096
245428
246754
248070
249381
250690
251989
253282
254570
255852
257129
258397
259659
260919
262176
263426
264669
265906
267139
268367
269591
270810
272024
273230
274431
275629
276822
278007
279192
280372
281547
282715
283880
285040
286197
287349
288493
289631
290766
291897
293024
294148
295268
296384
297496
298603
299704
300800
301894
302986
304078
305165
306248
307327
308400
309468
310532
311590
312647
313703
314756
315805
316852
317894
318932
319967
320998
322025
323049
324071
325088
326101
327112
328121
329124
330127
331128
332124
333117
334108
335094
336077
337056
338030
339003
339975
340944
341911
342875
343837
344796
345750
346701
347649
348594
349539
350484
351429
352371
353309
354240
355166
356085
357004
357923
358841
359761
360682
361602
362519
363430
364335
365237
366137
367037
367936
368835
369732
370626
371518
372405
373290
374172
375052
375930
376808
377686
378563
379438
380309
381179
382044
382907
383767
384625
385482
386338
387193
388048
388901
389752
390600
391445
392286
393127
393966
394804
395642
396478
397312
398146
398977
399806
400633
401459
402283
403104
403924
404743
405562
406379
407193
408005
408817
409627
410436
411243
412049
412852
413654
414455
415254
416052
416848
417643
418437
419230
420022
420812
421600
422386
423173
423958
424741
425522
426303
427081
427859
428635
429409
430183
430956
431727
432498
433267
434036
434804
435570
436335
437099
437861
438622
439381
440139
440895
441652
442408
443164
443918
444671
445422
446173
446922
447670
448415
449160
449905
450649
451392
452134
452875
453615
454354
455092
455828
456562
457296
458028
458760
459492
460223
460953
461682
462410
463138
463864
464589
465312
466033
466754
467474
468194
468914
469632
470349
471067
471784
472499
473213
473925
