0
929
1859
2789
3718
4648
5577
6507
7436
8366
9296
10225
11155
12084
13014
13944
14873
15803
16732
17662
18592
19521
20451
21380
22310
23240
24169
25102
26035
26968
27901
28834
29769
30705
31642
32578
33514
34450
35387
36323
37259
38196
39136
40079
41022
41965
42908
43853
44800
45746
46694
47644
48594
49544
50494
51443
52393
53344
54297
55251
56204
57161
58118
59078
60039
60999
61962
62926
63890
64853
65820
66787
67757
68728
69701
70676
71653
72631
73609
74587
75567
76549
77532
78520
79509
80500
81493
82486
83479
84473
85470
86468
87470
88475
89481
90489
91499
92511
93525
94543
95563
96585
97609
98633
99660
100688
101719
102753
103790
104829
105869
106909
107953
109002
110055
111108
112165
113222
114280
115341
116404
117471
118543
119618
120695
121777
122864
123952
125044
126136
127229
128327
129430
130537
131645
132756
133867
134982
136098
137219
138345
139475
140608
141746
142890
144035
145185
146334
147486
148641
149800
150964
152130
153300
154473
155651
156836
158023
159214
160408
161605
162806
164014
165223
166436
167650
168868
170093
171324
172558
173794
175036
176280
177531
178786
180046
181306
182570
183841
185120
186401
187686
188971
190262
191557
192860
194164
195475
196786
198103
199423
200752
202083
203420
204757
206102
207456
208814
210180
211545
212917
214298
215685
217080
218474
219874
221278
222692
224117
225542
226966
228402
229848
231298
232755
234212
235682
237156
238637
240118
241608
243098
244600
246116
247640
249164
250688
252223
253772
255325
256886
258450
260019
261604
263202
264801
266409
268017
269631
271262
272900
274543
276203
277868
279541
281222
282914
284609
286308
288032
289768
291508
293251
295006
296762
298524
300312
302116
303934
305754
307584
309428
311283
313139
315011
316902
318792
320713
322652
324599
326565
328531
330506
332501
334517
336554
338602
340664
342748
344862
346998
349135
351278
353438
355623
357832
360066
362307
364580
366866
369183
371524
373892
376297
378724
381152
383609
386098
388638
391225
393812
396411
399068
401762
404492
407230
409999
412848
415739
418657
421616
424619
427691
430763
433883
437107
440330
443620
446978
450427
453877
457419
461060
464736
468505
472360
476273
480306
484402
488563
492860
497229
501672
506291
510972
515738
520684
525725
530767
535907
541257
546718
552417
558766
565665
