0
894
1791
2689
3586
4484
5382
6280
7177
8078
8979
9882
10787
11696
12607
13522
14438
15355
16272
17188
18105
19021
19938
20855
21771
22688
23604
24521
25437
26355
27275
28198
29124
30053
30985
31918
32851
33784
34717
35649
36582
37515
38448
39381
40314
41247
42180
43113
44045
44978
45911
46844
47777
48710
49644
50582
51523
52465
53408
54351
55294
56237
57180
58123
59066
60009
60952
61897
62846
63796
64746
65695
66645
67595
68546
69499
70453
71406
72360
73317
74277
75237
76197
77161
78128
79099
80070
81040
82011
82982
83953
84924
85895
86866
87839
88816
89796
90778
91760
92742
93723
94705
95687
96671
97658
98647
99636
100625
101615
102604
103595
104589
105587
106588
107588
108589
109589
110590
111590
112591
113592
114592
115594
116600
117608
118617
119625
120633
121641
122650
123658
124667
125679
126693
127709
128727
129747
130767
131787
132810
133834
134858
135882
136906
137933
138961
139992
141024
142060
143096
144132
145172
146212
147253
148293
149334
150378
151422
152468
153517
154567
155619
156672
157727
158784
159841
160898
161955
163016
164077
165139
166204
167270
168340
169410
170481
171556
172630
173704
174779
175853
176931
178009
179088
180171
181255
182342
183430
184519
185612
186704
187796
188892
189988
191085
192182
193284
194386
195492
196598
197706
198817
199928
201039
202150
203260
204372
205487
206605
207725
208849
209974
211099
212229
213359
214488
215618
216748
217878
219012
220147
221282
222423
223568
224713
225861
227010
228160
229310
230461
231616
232771
233925
235085
236245
237410
238575
239743
240913
242083
243254
244424
245596
246772
247947
249128
250309
251495
252682
253871
255063
256255
257446
258638
259829
261025
262222
263420
264623
265825
267033
268241
269450
270664
271877
273091
274305
275524
276744
277963
279188
280414
281645
282875
284106
285343
286579
287816
289052
290295
291537
292783
294031
295280
296534
297789
299048
300308
301569
302829
304095
305361
306627
307894
309166
310440
311719
312998
314277
315562
316847
318132
319417
320705
321996
323288
324586
325888
327192
328497
329805
331115
332426
333737
335048
336359
337677
338994
340312
341636
342965
344296
345634
346971
348309
349649
350994
352338
353682
355027
356371
357719
359070
360428
361787
363152
364517
365887
367260
368635
370015
371402
372789
374176
375563
376950
378337
379728
381122
382519
383921
385324
386733
388150
389567
390984
392401
393818
395242
396667
398092
399519
400951
402392
403837
405285
406734
408182
409638
411095
412551
414007
415464
416920
418385
419854
421328
422809
424291
425780
427270
428759
430249
431738
433228
434722
436220
437722
439229
440740
442255
443770
445294
446819
448343
449873
451406
452939
454472
456012
457554
459104
460655
462207
463767
465327
466888
468458
470027
471597
473176
474755
476344
477933
479524
481123
482721
484320
485925
487534
489142
490760
492380
494008
495636
497275
498913
500552
502190
503828
505469
507118
508773
510432
512101
513770
515443
517123
518803
520484
522175
523866
525557
527249
528948
530655
532369
534082
535807
537531
539256
540992
542729
544465
546212
547960
549713
551473
553244
555015
556787
558562
560345
562129
563921
565716
567524
569332
571152
572972
574793
576613
578434
580255
582088
583930
585784
587643
589507
591379
593251
595124
596996
598878
600772
602671
604571
606484
608400
610328
612256
614183
616111
618050
620004
621960
623916
625887
627858
629839
631825
633811
635797
637798
639799
641809
643836
645868
647900
649948
651996
654044
656092
658156
660220
662301
664384
666482
668579
670693
672807
674933
677065
679196
681345
683499
685665
687832
690013
692197
694382
696573
698776
700979
703200
705441
707681
709936
712196
714456
716716
718995
721275
723574
725888
728208
730534
732875
735215
737556
739918
742279
744662
747064
749469
751897
754324
756751
759201
761651
764122
766595
769092
771588
774109
776630
779150
781695
784240
786811
789406
792001
794623
797244
799866
802514
805162
807837
810539
813243
815973
818704
821435
824194
826954
829742
832561
835380
838229
841079
843928
846809
849721
852667
855612
858591
861570
864549
867562
870575
873624
876708
879814
882935
886055
889214
892372
895569
898805
902077
905354
908631
911949
915270
918650
922055
925504
928953
932412
935907
939450
943041
946632
950273
953914
957606
961303
965097
968937
972792
976647
980560
984489
988522
992578
996674
1000770
1004931
1009160
1013457
1017797
1022166
1026561
1031004
1035551
1040150
1044832
1049541
