0
4443
8773
13070
17166
21262
25292
29204
33059
36858
40551
44192
47804
51341
54790
58196
61543
64820
68057
71216
74332
77346
80354
83298
86180
89029
91848
94597
97299
99974
102596
105167
107712
110233
112695
115123
117500
119840
122124
124341
126521
128645
130733
132781
134805
136806
138792
140755
142690
144618
146545
148473
150400
152326
154240
156139
158025
159898
161763
163609
165442
167262
169060
170836
172603
174338
176053
177749
179438
181119
182793
184460
186110
187749
189374
190975
192570
194150
195715
197266
198818
200366
201893
203416
204925
206421
207911
209392
210867
212331
213788
215244
216680
218106
219531
220955
222371
223777
225178
226573
227962
229341
230713
232080
233436
234784
236128
237464
238791
240109
241425
242736
244041
245345
246640
247927
249206
250478
251748
253009
254263
255516
256761
258004
259240
260475
261701
262916
264130
265338
266544
267744
268941
270138
271329
272513
273694
274871
276043
277208
278372
279531
280683
281830
282971
284106
285241
286376
287509
288637
289764
290889
292011
293127
294233
295334
296433
297528
298620
299711
300799
301885
302968
304046
305121
306189
307253
308313
309377
310436
311489
312539
313588
314633
315676
316714
317751
318788
319823
320855
321883
322908
323930
324951
325969
326984
327997
329005
330011
331016
332022
333024
334024
335021
336014
337005
337993
338980
339967
340949
341928
342904
343880
344855
345828
346799
347767
348732
349695
350654
351613
352570
353524
354477
355429
356382
357331
358278
359222
360164
361103
362040
362976
363913
364849
365782
366712
367639
368564
369487
370409
371330
372250
373171
374089
375005
375917
376827
377738
378650
379557
380457
381357
382258
383158
384058
384958
385857
386753
387649
388545
389441
390334
391222
392108
392992
393875
394757
395638
396519
397399
398280
399156
400029
400900
