0
883
1766
2650
3534
4420
5307
6195
7086
7976
8867
9757
10649
11542
12435
13329
14225
15123
16023
16924
17824
18724
19626
20529
21433
22339
23248
24158
25068
25978
26888
27799
28711
29624
30536
31449
32363
33279
34198
35118
36039
36962
37888
38814
39742
40670
41598
42528
43459
44390
45321
46252
47183
48114
49048
49981
50918
51854
52792
53733
54675
55617
56560
57506
58455
59404
60354
61305
62259
63214
64169
65125
66080
67035
67991
68946
69901
70859
71820
72783
73747
74711
75675
76638
77604
78573
79544
80516
81489
82461
83435
84410
85387
86365
87343
88322
89305
90289
91274
92261
93249
94239
95229
96219
97209
98199
99193
100190
101189
102188
103187
104186
105185
106184
107184
108187
109193
110202
111214
112225
113236
114248
115259
116270
117283
118299
119318
120338
121359
122382
123406
124430
125455
126483
127512
128544
129578
130612
131648
132685
133722
134759
135796
136836
137879
138923
139966
141013
142061
143111
144161
145212
146266
147320
148373
149429
150488
151548
152611
153675
154742
155809
156879
157949
159019
160093
161168
162242
163316
164393
165472
166550
167629
168712
169799
170887
171979
173071
174163
175256
176350
177447
178544
179640
180737
181838
182945
184051
185157
186264
187375
188486
189597
190711
191827
192942
194059
195180
196305
197430
198555
199680
200806
201936
203065
204195
205327
206465
207605
208744
209889
211034
212180
213330
214479
215629
216779
217934
219089
220243
221398
222556
223720
224886
226056
227226
228396
229567
230737
231907
233083
234258
235434
236613
237799
238985
240171
241357
242547
243738
244930
246121
247313
248508
249705
250902
252105
253314
254522
255730
256943
258157
259370
260588
261807
263027
264252
265477
266702
267933
269169
270406
271643
272879
274116
275352
276593
277841
279095
280349
281604
282858
284113
285374
286634
287894
289155
290415
291675
292936
294204
295480
296759
298038
299323
300608
301893
303178
304467
305764
307061
308359
309657
310955
312255
313563
314874
316185
317495
318806
320117
321431
322754
324085
325415
326746
328077
329407
330738
332075
333413
334756
336107
337459
338810
340161
341517
342875
344233
345591
346957
348322
349687
351054
352426
353799
355173
356558
357945
359332
360725
362127
363518
364912
366306
367701
369105
370509
371914
373318
374722
376127
377531
378946
380365
381789
383214
384639
386065
387500
388935
390370
391815
393261
394706
396152
397598
399045
400501
401957
403414
404881
406348
407815
409287
410765
412243
413721
415211
416700
418190
419679
421172
422672
424173
425674
427175
428685
430200
431724
433249
434773
436297
437821
439357
440893
442429
443965
445508
447056
448604
450152
451710
453271
454831
456391
457964
459537
461123
462708
464299
465897
467496
469094
470693
472291
473889
475488
477102
478727
480352
481977
483611
485249
486888
488526
490165
491803
493455
495107
496759
498426
500092
501758
503432
505112
506792
508473
510157
511852
513547
515241
516937
518646
520356
522066
523775
525500
527225
528950
530690
532430
534174
535929
537685
539440
541195
542951
544723
546494
548271
550058
551846
553645
555449
557253
559059
560879
562700
564520
566341
568165
570003
571840
573678
575533
577387
579242
581115
582987
584860
586747
588638
590528
592418
594309
596205
598114
600022
601932
603859
605787
607714
609661
611607
613554
615512
617479
619445
621411
623386
625372
627358
629344
631330
633316
635331
637358
639385
641422
643470
645518
647566
649614
651662
653732
655801
657871
659941
662036
664150
666264
668378
670492
672629
674766
676903
679040
681201
683361
685522
687682
689866
692075
694284
696493
698722
700957
703191
705425
707659
709893
712153
714413
716673
718933
721220
723522
725835
728148
730489
732829
735170
737510
739851
742220
744589
746957
749326
751695
754093
756508
758965
761423
763881
766338
768796
771264
773753
776242
778763
781283
783804
786338
788892
791445
793998
796585
799172
801759
804346
806933
809555
812211
814868
817548
820242
822935
825628
828359
831089
833820
836551
839320
842096
844905
847714
850548
853398
856247
859125
862016
864908
867842
870777
873755
876734
879713
882692
885717
888742
891814
894886
897958
901078
904199
907320
910441
913561
916778
920001
923224
926501
929777
933110
936442
939774
943107
946439
949887
953336
956786
960235
963746
967257
970767
974278
977789
981430
985140
988849
992559
996296
1000077
1003858
1007639
1011460
1015315
1019170
1023106
1027019
1031102
1035150
1039202
1043298
