0
986
1971
2954
3931
4900
5865
6827
7785
8743
9705
10669
11636
12608
13584
14564
15545
16527
17507
18483
19465
20447
21428
22411
23396
24383
25372
26365
27359
28356
29357
30362
31367
32375
33383
34391
35400
36408
37416
38425
39437
40450
41468
42489
43513
44537
45562
46590
47618
48648
49680
50712
51746
52782
53819
54857
55898
56938
57981
59026
60074
61126
62179
63236
64293
65351
66412
67473
68536
69602
70669
71739
72809
73882
74956
76031
77105
78184
79267
80355
81443
82532
83624
84716
85809
86904
88001
89098
90199
91305
92412
93523
94634
95745
96858
97974
99094
100214
101339
102465
103595
104725
105855
106989
108124
109263
110403
111545
112689
113834
114983
116132
117283
118437
119592
120750
121913
123083
124253
125424
126596
127771
128947
130127
131309
132495
133684
134875
136067
137258
138455
139655
140857
142065
143273
144487
145700
146914
148128
149347
150568
151793
153023
154254
155490
156727
157963
159206
160449
161698
162950
164205
165465
166725
167986
169252
170520
171797
173075
174354
175635
176920
178205
179497
180788
182085
183389
184693
186003
187314
188624
189940
191257
192581
193910
195241
196578
197916
199253
200593
201938
203290
204648
206012
207377
208742
210108
211480
212857
214237
215627
217022
218416
219810
221212
222614
224016
225427
226844
228269
229693
231118
232543
233973
235415
236864
238312
239760
241217
242677
244141
245606
247070
248540
250028
251517
253007
254499
255997
257497
259004
260519
262042
263566
265090
266618
268151
269684
271226
272777
274337
275898
277458
279018
280588
282167
283756
285344
286940
288539
290137
291745
293355
294973
296601
298240
299878
301517
303155
304804
306455
308114
309784
311464
313145
314825
316509
318200
319902
321609
323322
325035
326760
328485
330233
331992
333751
335511
337282
339053
340824
342600
344384
346167
347972
349792
351613
353433
355254
357087
358921
360767
362618
364490
366363
368235
370120
372020
373919
375833
377746
379674
381601
383533
385475
387431
389402
391388
393374
395360
397346
399347
401351
403383
405415
407463
409511
411564
413612
415668
417765
419868
421978
424092
426206
428337
430469
432617
434784
436964
439149
441352
443555
445768
448005
450245
452491
454751
457011
459290
461577
463897
466217
468537
470877
473218
475587
477971
480354
482749
485176
487603
490030
492480
494930
497427
499923
502420
504917
507418
509963
512508
515078
517648
520270
522891
525513
528161
530836
533511
536213
538916
541646
544382
547171
549959
552748
555547
558396
561246
564095
566944
569845
572758
575671
578596
581575
584554
587580
590628
593676
596743
599827
602938
606135
609332
612529
615726
618962
622198
625475
628792
632110
635471
638831
642236
645731
649180
652629
656172
659714
663355
666996
670637
674278
677919
681560
685201
688945
692690
696430
700285
704084
707923
711748
715660
719573
723486
727519
731615
735711
739807
743840
747936
752097
756258
760433
764731
769100
773469
777838
782075
786373
790742
795187
799837
804346
808891
813550
818231
822913
827594
832275
837129
841984
846838
851693
856548
861589
866630
871873
877116
882359
887601
892844
898087
903330
908573
913816
