0
2910
5703
8434
11129
13777
16399
19016
21612
24199
26769
29314
31859
34404
36924
39445
41966
44462
46935
49385
51814
54241
56646
59026
61387
63731
66071
68391
70674
72934
75188
77418
79607
81792
83958
86107
88238
90352
92466
94563
96631
98695
100743
102791
104824
106841
108842
110844
112829
114815
116788
118759
120717
122662
124604
126531
128459
130386
132300
134195
136078
137949
139808
141654
143487
145308
147116
148911
150694
152470
154241
156011
157770
159510
161242
162967
164691
166399
168090
169771
171446
173113
174762
176405
178044
179682
181321
182958
184586
186201
187809
189408
190997
192585
194165
195744
197319
198888
200448
201998
203534
205058
206583
208107
209631
211144
212643
214133
215616
217095
218562
220027
221486
222942
224386
225819
227248
228673
230096
231508
232910
234308
235703
237095
238482
239862
241232
242597
243962
245320
246673
248017
249358
250690
252013
253330
254642
255953
257264
258570
259868
261157
262442
263722
265000
266270
267536
268803
270063
271320
272575
273823
275065
276301
277538
278769
279999
281222
282441
283656
284869
286076
287277
288474
289671
290862
292053
293239
294422
295599
296770
297940
299109
300272
301432
302588
303739
304888
306037
307182
308324
309461
310592
311722
312852
313977
315096
316212
317325
318436
319543
320649
321751
322848
323945
325037
326129
327220
328308
329393
330473
331552
332628
333702
334772
335842
336908
337969
339030
340087
341144
342199
343252
344303
345350
346392
347432
348472
349510
350546
351579
352608
353636
354661
355685
356709
357730
358746
359759
360768
361776
362784
363792
364797
365801
366802
367803
368800
369793
370786
371779
372768
373758
374747
375733
376715
377694
378672
379650
380626
381600
382572
383543
384512
385479
386444
387408
388372
389334
390293
391248
392201
393153
394103
395053
396002
396949
397895
398841
399785
400725
401664
402601
403538
404474
405408
406341
407273
408201
409128
410053
410976
411899
412822
413743
414662
415580
416494
417408
418321
419233
