0
1006
2014
3022
4033
5046
6062
7081
8100
9121
10145
11169
12197
13230
14264
15303
16348
17394
18439
19485
20531
21582
22634
23686
24744
25808
26876
27947
29022
30096
31170
32245
33319
34398
35484
36570
37662
38755
39847
40942
42040
43142
44246
45356
46467
47584
48701
49819
50943
52070
53200
54335
55471
56614
57757
58900
60046
61196
62346
63502
64665
65831
67001
68171
69341
70524
71710
72896
74085
75277
76468
77665
78864
80069
81281
82495
83709
84929
86151
87381
88612
89848
91085
92326
93568
94818
96072
97331
98591
99854
101120
102391
103670
104951
106236
107521
108813
110107
111411
112716
114026
115337
116655
117975
119303
120635
121972
123309
124654
126001
127358
128723
130089
131460
132835
134214
135594
136981
138374
139769
141167
142569
143979
145394
146813
148238
149663
151096
152536
153984
155440
156896
158359
159825
161298
162779
164266
165755
167251
168750
170257
171772
173294
174818
176349
177885
179427
180978
182538
184098
185668
187244
188833
190422
192020
193619
195223
196834
198461
200095
201733
203372
205025
206686
208355
210036
211716
213406
215103
216808
218521
220246
221970
223706
225453
227212
228976
230747
232530
234314
236116
237928
239749
241569
243402
245248
247108
248980
250852
252738
254638
256551
258465
260392
262331
264283
266249
268230
270216
272212
274223
276250
278293
280341
282403
284482
286579
288693
290807
292938
295087
297254
299438
301624
303832
306062
308317
310577
312857
315156
317476
319817
322178
324561
326966
329394
331827
334293
336790
339311
341838
344404
346999
349615
352263
354948
357679
360410
363187
366006
368855
371709
374622
377567
380546
383559
386643
389764
392897
396094
399362
402642
405978
409420
412884
416419
420033
423726
427465
431320
435233
439312
443467
447779
452194
456793
461559
466600
