0
4334
8667
13001
17312
21624
25921
30176
34377
38578
42726
46864
50960
55056
59152
63197
67243
71239
75187
79135
83035
86936
90791
94647
98413
102179
105903
109627
113308
116938
120539
124101
127624
131110
134560
137973
141362
144705
148036
151313
154590
157829
161042
164223
167374
170524
173645
176708
179767
182801
185807
188810
191762
194687
197613
200488
203345
206181
209006
211800
214531
217262
219948
222612
225254
227851
230411
232951
235457
237953
240407
242832
245231
247591
249931
252246
254524
256799
259038
261252
263466
265637
267793
269931
272039
274134
276201
278249
280289
282303
284301
286299
288266
290217
292156
294067
295962
297843
299705
301548
303379
305199
307006
308795
310576
312341
314084
315818
317543
319254
320949
322630
324302
325962
327610
329248
330876
332492
334095
335693
337271
338845
340408
341958
343504
345037
346555
348069
349573
351066
352556
354036
355507
356967
358424
359866
361303
362733
364149
365561
366966
368362
369750
371136
372509
373879
375241
376595
377942
379285
380623
381952
383273
384589
385900
387208
388509
389804
391091
392373
393653
394927
396194
397455
398711
399960
401206
402448
403685
404915
406140
407363
408582
409795
411002
412205
413402
414593
415781
416967
418148
419323
420494
421665
422830
423991
425147
426298
427445
428587
429724
430861
431994
433122
434246
435368
436487
437598
438705
439812
440914
442013
443107
444199
445289
446375
447457
448536
449614
450688
451755
452822
453886
454949
456007
457061
458113
459161
460206
461248
462286
463323
464358
465389
466417
467442
468466
469487
470505
471520
472532
473544
474552
475555
476557
477556
478555
479552
480542
481530
482517
483501
484483
485462
486437
487413
488386
489354
490321
491286
492249
493212
494170
495124
496076
497028
497977
498923
499867
500809
501750
502689
503625
504559
505490
506421
507350
508275
509197
510118
511037
511954
512869
513781
514692
515599
516505
517408
518309
519210
520110
521009
521906
522798
523689
524579
525468
526354
527238
528120
529001
529881
530757
531631
532503
533374
534244
535113
535979
536843
537705
538568
539428
540287
541144
541998
542852
543705
544556
545406
546253
547099
547943
548785
549625
550464
551301
552136
552969
553800
554630
555459
556288
557115
557942
558767
559591
560411
561230
562048
562866
563683
564498
565312
566124
566935
567746
568555
569363
570169
570974
571777
572580
573382
574182
574981
575778
576573
577368
578163
578956
579747
580537
581325
582113
582901
583688
584474
585258
586039
586819
587600
588380
589159
589936
590711
591486
592259
593032
593805
594576
595346
596114
596881
597647
598412
599177
599940
600702
601463
602222
602981
603739
604496
605252
606006
606760
607513
608265
609016
609766
610516
611264
612010
612756
613501
614245
614988
