0
5958
11916
17493
22955
28177
33218
38149
42915
47596
52106
56509
60807
65031
69127
73150
77114
80969
84768
88513
92194
95785
99327
102830
106266
109584
112945
116252
119449
122632
125797
128918
131933
134981
137994
140939
143852
146732
149582
152388
155177
157936
160667
163359
166034
168682
171303
173901
176471
179039
181570
184088
186585
189056
191494
193921
196326
198715
201096
203448
205788
208108
210407
212687
214947
217202
219443
221664
223867
226052
228232
230391
232530
234661
236775
238874
240955
243019
245082
247130
249175
251203
253216
255214
257199
259182
261151
263105
265047
266975
268902
270818
272721
274607
276486
278358
280218
282076
283922
285755
287580
289401
291206
293001
294784
296568
298347
300116
301875
303616
305352
307087
308811
310530
312240
313942
315634
317321
319001
320682
322352
324010
325659
327298
328936
330574
332203
333822
335431
337029
338627
340226
341816
343401
344980
346544
348105
349665
351223
352774
354313
355846
357376
358900
360424
361940
363451
364957
366455
367945
369435
370924
372405
373879
375348
376813
378269
379726
381180
382629
384069
385505
386938
388362
389787
391210
392627
394036
395442
396844
398238
399633
401027
402414
403795
405173
406546
407911
409277
410642
412000
413356
414707
416052
417393
418731
420068
421403
422733
424063
425385
426702
428013
429323
430634
431939
433243
434543
435836
437121
438406
439691
440976
442261
443542
444821
446093
447357
448617
449877
451132
452384
453632
454875
456117
457357
458594
459830
461061
462290
463515
464736
465955
467173
468387
469600
470814
472022
473223
474420
475617
476810
478001
479193
480384
481573
482759
483940
485115
486291
487464
488634
489804
490970
492134
493294
494454
495614
496770
497924
499079
500228
501376
502521
503662
504802
505937
507072
508207
509340
510470
511600
512726
513851
514971
516091
517206
518322
519435
520546
521657
522764
523870
524972
526073
527169
528266
529361
530454
531546
532638
533727
534815
535898
536977
538056
539134
540208
541283
542357
543429
544499
545567
546630
547691
548752
549810
550867
551924
552981
554038
555091
556143
557191
558235
559279
560322
561363
562403
563443
564483
565521
566555
567587
568617
569645
570670
571694
572718
573742
574766
575787
576807
577823
578839
579852
580864
581876
582885
583893
584901
585906
586910
587915
588916
589916
590913
591910
592907
593900
594893
595886
596879
597869
598858
599844
600829
601812
602793
603775
604757
605736
606714
607692
608668
609643
610615
611586
612555
613522
614489
615457
616422
617386
618350
619314
620276
621237
622196
623153
624109
625066
626019
626972
627926
628876
629826
630775
631725
632673
633619
634565
635510
636453
637394
638334
639273
640209
641145
642081
643017
643954
644887
645820
646750
647680
648609
649537
650463
651390
652315
653238
654161
655084
656003
656923
657843
658760
659677
660592
661505
662418
663331
664241
