0
897
1795
2694
3595
4496
5400
6304
7210
8120
9030
9942
10855
11769
12683
13600
14516
15433
16353
17273
18195
19118
20043
20971
21901
22831
23760
24691
25625
26561
27497
28437
29377
30319
31262
32208
33154
34103
35053
36003
36953
37904
38858
39811
40765
41723
42685
43648
44612
45577
46544
47512
48483
49454
50428
51403
52381
53359
54337
55315
56297
57279
58264
59253
60242
61234
62227
63220
64216
65213
66210
67210
68210
69214
70218
71226
72234
73243
74254
75266
76282
77302
78322
79346
80370
81394
82418
83442
84470
85498
86526
87559
88595
89633
90673
91713
92755
93799
94846
95896
96949
98005
99062
100119
101176
102236
103298
104359
105425
106491
107561
108632
109706
110780
111857
112936
114017
115101
116187
117275
118367
119460
120553
121649
122748
123849
124954
126060
127166
128276
129387
130498
131609
132725
133843
134966
136091
137220
138350
139480
140611
141746
142883
144026
145171
146320
147470
148620
149769
150922
152077
153232
154391
155557
156723
157894
159064
160234
161410
162586
163767
164951
166137
167329
168520
169712
170906
172103
173300
174503
175707
176915
178127
179341
180555
181777
183002
184227
185458
186688
187922
189159
190395
191638
192883
194131
195386
196640
197897
199158
200418
201678
202942
204213
205487
206765
208048
209333
210618
211903
213194
214486
215786
217090
218394
219705
221016
222327
223639
224956
226274
227599
228930
230266
231604
232941
234285
235629
236978
238336
239694
241057
242422
243788
245153
246525
247898
249277
250659
252046
253440
254834
256229
257631
259037
260447
261864
263281
264706
266131
267555
268985
270418
271858
273306
274757
276213
277670
279126
280590
282061
283535
285016
286497
287983
289472
290962
292460
293963
295469
296981
298497
300021
301545
303076
304609
306149
307693
309245
310800
312360
313920
315482
317051
318623
320203
321791
323390
324988
326587
328193
329801
331419
333044
334673
336310
337949
339589
341238
342887
344547
346217
347892
349573
351253
352934
354625
356326
358036
359749
361474
363199
364923
366651
368387
370135
371894
373657
375428
377199
378977
380761
382556
384364
386172
387992
389813
391646
393480
395326
397183
399042
400915
402787
404673
406561
408462
410376
412302
414230
416157
418099
420050
422016
423987
425973
427959
429945
431946
433962
435994
438037
440085
442133
444194
446273
448353
450450
452565
454679
456800
458931
461080
463246
465413
467598
469790
471993
474211
476452
478698
480958
483218
485498
487797
490117
492438
494779
497119
499481
501864
504269
506696
509123
511573
514038
516515
519011
521532
524052
526598
529162
531758
534379
537000
539648
542296
544988
547690
550421
553152
555911
558710
561528
564378
567227
570108
573021
575966
578941
581935
584953
587994
591058
594147
597262
600401
603568
606761
609981
613231
616509
619817
623157
626527
629931
633368
636848
640342
643910
647501
651105
654766
658454
662146
665968
