0
886
1771
2658
3546
4434
5323
6215
7108
8002
8896
9790
10686
11582
12477
13371
14267
15162
16060
16959
17860
18762
19664
20566
21471
22377
23285
24195
25106
26016
26926
27838
28751
29665
30579
31491
32404
33319
34235
35154
36073
36993
37915
38838
39761
40684
41608
42533
43459
44386
45314
46241
47171
48102
49036
49970
50905
51841
52778
53715
54653
55593
56533
57474
58415
59358
60301
61246
62192
63137
64084
65033
65983
66934
67887
68840
69794
70749
71703
72658
73613
74570
75527
76487
77448
78410
79374
80337
81301
82267
83234
84202
85170
86141
87114
88087
89061
90036
91012
91989
92969
93950
94930
95912
96895
97879
98862
99845
100829
101815
102801
103789
104779
105771
106763
107756
108749
109744
110740
111740
112740
113742
114745
115748
116751
117756
118761
119768
120777
121786
122797
123808
124819
125831
126845
127858
128873
129889
130907
131927
132949
133972
134996
136020
137046
138073
139102
140131
141161
142192
143225
144259
145294
146329
147364
148401
149440
150480
151523
152566
153609
154652
155697
156743
157790
158838
159891
160947
162004
163061
164118
165175
166232
167289
168346
169406
170467
171529
172593
173660
174728
175799
176870
177941
179013
180084
181158
182236
183316
184397
185480
186563
187646
188730
189813
190896
191982
193070
194160
195252
196347
197446
198544
199643
200739
201836
202935
204036
205137
206242
207346
208455
209566
210678
211792
212906
214019
215133
216239
217356
218473
219593
220716
221840
222963
224087
225210
226340
227470
228600
229733
230869
232006
233142
234285
235429
236572
237715
238858
240001
241144
242294
243445
244601
245758
246914
248071
249227
250384
251540
252697
253858
255021
256191
257361
258531
259702
260872
262042
263213
264383
265555
266733
267910
269093
270278
271463
272655
273847
275038
276230
277421
278615
279814
281013
282212
283411
284610
285808
287007
288213
289419
290626
291836
293050
294264
295485
296706
297927
299148
300370
301599
302828
304057
305286
306514
307743
308978
310214
311451
312687
313924
315160
316405
317652
318904
320157
321417
322674
323926
325186
326446
327707
328967
330227
331496
332764
334032
335301
336569
337838
339113
340391
341676
342961
344246
345531
346816
348101
349395
350688
351982
353275
354569
355862
357156
358458
359760
361062
362372
363683
364994
366305
367625
368944
370264
371583
372909
374237
375566
376894
378222
379551
380885
382222
383560
384897
386235
387575
388922
390269
391619
392975
394330
395686
397042
398400
399765
401130
402496
403861
405226
406601
407976
409351
410726
412101
413478
414862
416257
417651
419054
420458
421862
423267
424671
426075
427480
428884
430288
431693
433106
434520
435942
437366
438791
440216
441640
443065
444500
445935
447370
448811
450257
451703
453148
454594
456040
457485
458938
460395
461851
463307
464764
466220
467687
469155
470626
472104
473583
475061
476542
478032
479521
481011
482500
483990
485479
486968
488469
489970
491471
492980
494493
496014
497538
499062
500586
502110
503634
505169
506705
508241
509777
511313
512857
514405
515953
517501
519049
520602
522162
523722
525283
526856
528429
530002
531575
533159
534745
536330
537916
539501
541087
542678
544276
545875
547473
549072
550676
552287
553899
555524
557149
558773
560400
562039
563677
565316
566954
568592
570231
571869
573521
575173
576834
578500
580166
581832
583498
585178
586858
588539
590233
591928
593623
595318
597013
598708
600403
602110
603820
605530
607239
608960
610684
612409
614147
615887
617627
619369
621124
622880
624635
626390
628146
629901
631657
633412
635182
636954
638733
640520
642324
644128
645931
647735
649539
651342
653161
654982
656802
658623
660443
662264
664084
665922
667759
669603
671457
673312
675167
677039
678912
680784
682675
684565
686456
688346
690237
692127
694018
695926
697835
699744
701661
703588
705516
707447
709394
711340
713287
715253
717219
719185
721151
723117
725083
727049
729035
731021
733007
735013
737020
739026
741049
743075
745102
747148
749196
751244
753292
755340
757388
759458
761527
763597
765666
767747
769839
771946
774060
776174
778288
780425
782562
784699
786836
788973
791110
793247
795408
797568
799741
801925
804110
806295
808505
810714
812923
815154
817389
819623
821857
824091
826325
828585
830845
833105
835391
837677
839963
842276
844589
846903
849243
851584
853924
856265
858605
860946
863315
865683
868052
870426
872824
875251
877678
880106
882542
884999
887457
889915
892372
894830
897289
899777
902266
904771
907292
909813
912366
914919
917473
920053
922640
925227
927814
930401
932988
935609
938231
940852
943509
946166
948844
951538
954268
956999
959730
962460
965191
967922
970652
973421
976190
978989
981797
984606
987456
990305
993154
996046
998937
1001828
1004720
1007627
1010562
1013496
1016430
1019409
1022434
1025459
1028484
1031508
1034580
1037652
1040724
1043796
1046868
1049989
1053110
1056281
1059452
1062623
1065846
1069116
1072393
1075669
1078946
1082223
1085514
1088847
1092179
1095569
1098959
1102355
1105804
1109254
1112765
1116276
1119786
1123297
1126872
1130447
1134021
1137662
1141303
1144995
1148705
1152486
1156267
1160047
1163875
1167730
1171585
1175440
1179383
1183395
1187327
1191340
1195436
1199532
1203628
1207724
1211907
1216090
1220273
1224547
1228916
1233285
1237654
1242123
1246591
1251059
1255528
1260100
1264781
1269462
1274144
1278939
1283854
1288703
1293619
1298534
1303477
1308519
1313560
1318734
1323908
1329133
1334307
1339768
1345226
1350540
1355904
1361386
1366938
1372637
1378344
1384717
1390586
1396455
