0
935
1871
2806
3737
4661
5579
6489
7392
8291
9188
10088
10993
11903
12820
13741
14669
15612
16555
17498
18441
19384
20327
21270
22213
23156
24099
25042
25985
26928
27871
28813
29756
30699
31642
32585
33528
34471
35414
36357
37307
38256
39206
40156
41106
42060
43017
43978
44942
45905
46869
47833
48797
49760
50724
51688
52652
53617
54588
55559
56531
57509
58488
59474
60459
61445
62430
63416
64401
65387
66372
67365
68358
69351
70344
71344
72345
73345
74346
75346
76347
77348
78348
79349
80357
81365
82381
83397
84413
85429
86445
87461
88477
89494
90510
91526
92543
93567
94591
95617
96649
97684
98724
99764
100804
101845
102885
103925
104965
106006
107046
108092
109141
110196
111253
112310
113367
114424
115481
116538
117595
118652
119709
120766
121823
122885
123950
125016
126082
127147
128220
129295
130378
131461
132546
133638
134730
135823
136915
138007
139100
140192
141284
142376
143469
144571
145675
146786
147897
149007
150118
151229
152340
153451
154561
155672
156787
157907
159034
160164
161293
162423
163553
164683
165813
166943
168080
169220
170359
171499
172639
173779
174919
176058
177198
178338
179479
180631
181795
182965
184136
185306
186476
187647
188817
189987
191157
192328
193498
194668
195839
197009
198179
199360
200541
201721
202902
204083
205264
206456
207662
208876
210089
211303
212516
213730
214944
216157
217371
218585
219798
221019
222254
223491
224727
225964
227200
228437
229673
230910
232146
233383
234620
235862
237110
238358
239619
240879
242139
243400
244660
245920
247180
248453
249726
250998
252271
253543
254816
256088
257361
258649
259947
261245
262543
263840
265138
266436
267738
269058
270382
271706
273030
274354
275678
277002
278326
279650
280974
282297
283621
284953
286303
287655
289006
290357
291708
293060
294426
295805
297185
298565
299944
301324
302704
304084
305463
306850
308257
309667
311076
312486
313895
315304
316714
318123
319532
320951
322375
323800
325225
326649
328074
329501
330941
332381
333822
335262
336702
338143
339583
341024
342464
343904
345345
346792
348262
349735
351208
352681
354153
355643
357132
358622
360111
361601
363090
364579
366069
367579
369103
370627
372151
373675
375199
376724
378248
379779
381339
382899
384459
386020
387580
389140
390707
392286
393865
395445
397024
398603
400182
401761
403340
404950
406589
408227
409865
411504
413142
414781
416419
418057
419696
421334
422973
424616
426294
427975
429655
431336
433016
434696
436377
438079
439781
441484
443186
444900
446624
448349
450074
451798
453550
455321
457092
458864
460635
462406
464177
465949
467720
469519
471339
473160
474980
476801
478621
480443
482289
484135
485981
487828
489674
491520
493392
495265
497137
499010
500882
502782
504681
506581
508480
510380
512308
514235
516163
518090
520018
521945
523873
525800
527738
529694
531690
533706
535723
537739
539768
541816
543864
545912
547979
550060
552140
554221
556301
558382
560500
562649
564798
566946
569095
571244
573428
575613
577797
579982
582166
584351
586536
588733
590955
593208
595468
597728
599988
602247
604588
606929
609269
611610
613950
616333
618717
621100
623483
625866
628337
630810
633283
635804
638324
640845
643366
645886
648407
650928
653448
655969
658590
661212
663833
666459
669134
671809
674539
677270
680001
682731
685462
688193
691020
693870
696719
699698
702677
705656
708635
711613
714592
717571
720550
723540
726588
729637
732708
735829
738950
742147
745424
748700
751977
755254
758531
761808
765084
768534
771983
775432
779073
782714
786355
789996
793637
797382
801126
804871
808645
812516
816488
820460
824439
828535
832631
836727
840823
844919
849147
853375
857604
861832
866351
