0
3405
6844
10333
13628
16760
19881
23001
25983
28901
31750
34584
37363
40093
42749
45363
47936
50457
52954
55396
57823
60212
62553
64873
67152
69405
71617
73806
75990
78139
80267
82375
84450
86506
88547
90556
92549
94528
96493
98429
100353
102263
104148
106021
107880
109717
111545
113361
115156
116939
118710
120469
122215
123941
125666
127376
129067
130747
132424
134083
135731
137370
139008
140631
142239
143840
145434
147014
148584
150144
151699
153248
154790
156323
157849
159371
160872
162367
163857
165344
166825
168295
169754
171209
172653
174086
175518
176944
178368
179787
181196
182594
183988
185380
186767
188147
189523
190896
192261
193622
194974
196317
197654
198992
200329
201667
202998
204325
205638
206949
208252
209547
210838
212129
213421
214708
215993
217270
218540
219802
221062
222321
223575
224830
226078
227320
228560
229796
231027
232257
233482
234703
235917
237131
238345
239556
240760
241957
243154
244345
245537
246728
247915
249101
250281
251457
252629
253799
254965
256125
257279
258434
259589
260744
261899
263049
264193
265331
266464
267594
268724
269854
270984
272113
273238
274361
275476
276589
277700
278807
279913
281019
282125
283227
284327
285424
286518
287611
288700
289788
290872
291951
293030
294109
295183
296257
297332
298404
299474
300542
301606
302667
303725
304782
305839
306896
307950
309002
310051
311100
312144
313188
314228
315268
316309
317348
318384
319418
320449
321477
322503
323527
324551
325575
326597
327617
328635
329649
330661
331671
332679
333687
334693
335697
336702
337703
338704
339702
340699
341693
342686
343679
344672
345663
346652
347639
348625
349610
350594
351576
352556
353534
354512
355488
356463
357437
358411
359382
360353
361322
362290
363256
364220
365184
366147
367108
368068
369028
369985
370942
371896
372849
373802
374753
375703
376653
377601
378547
379493
380440
381385
382328
383270
384210
385149
386085
387022
387958
388891
389824
390757
391688
392617
393545
394472
395398
396324
397251
398177
399100
400023
400946
401869
402789
403709
404629
405547
406463
407376
408289
409202
410113
411023
411933
412843
413753
414662
415569
416476
417382
