0
713
1425
2137
2850
3562
4275
4989
5703
6419
7135
7852
8571
9290
10010
10731
11453
12176
12899
13622
14345
15070
15795
16521
17248
17976
18705
19436
20167
20899
21632
22366
23101
23837
24574
25310
26047
26783
27520
28258
28997
29737
30479
31221
31964
32708
33454
34200
34948
35696
36445
37195
37945
38695
39447
40199
40952
41706
42462
43218
43976
44735
45494
46255
47017
47781
48544
49308
50071
50835
51598
52362
53128
53894
54662
55430
56200
56971
57743
58516
59291
60067
60844
61622
62400
63179
63959
64740
65521
66303
67086
67871
68657
69443
70230
71018
71806
72595
73385
74177
74968
75760
76554
77349
78145
78943
79741
80541
81340
82141
82942
83743
84545
85348
86152
86958
87765
88573
89383
90194
91007
91819
92633
93447
94261
95075
95891
96708
97526
98346
99167
99990
100814
101639
102466
103294
104122
104950
105778
106605
107434
108264
109096
109929
110763
111599
112436
113275
114116
114958
115800
116643
117487
118331
119174
120018
120864
121711
122559
123409
124261
125114
125969
126825
127683
128542
129400
130259
131118
131978
132840
133704
134569
135436
136305
137175
138047
138919
139792
140667
141544
142422
143300
144178
145058
145939
146822
147707
148593
149479
150364
151250
152138
153028
153920
154813
155708
156605
157504
158404
159304
160206
161108
162010
162912
163815
164721
165628
166537
167448
168359
169272
170186
171103
172022
172943
173864
174785
175706
176628
177552
178478
179406
180334
181264
182196
183131
184067
185006
185944
186884
187827
188770
189715
190660
191605
192550
193497
194445
195396
196349
197304
198261
199218
200178
201139
202103
203067
204031
204995
205961
206927
207895
208866
209839
210814
211792
212772
213754
214737
215720
216703
217686
218671
219657
220644
221633
222625
223620
224617
225617
226619
227622
228625
229628
230631
231636
232642
233649
234659
235672
236687
237705
238725
239747
240770
241794
242818
243845
244874
245905
246940
247975
249010
250047
251088
252131
253175
254220
255267
256316
257369
258423
259479
260536
261593
262650
263709
264771
265836
266904
267973
269045
270119
271197
272275
273355
274435
275517
276600
277686
278774
279864
280956
282048
283141
284237
285336
286439
287544
288650
289760
290874
291988
293105
294223
295343
296465
297590
298717
299846
300976
302110
303244
304381
305521
306663
307806
308953
310099
311246
312397
313552
314709
315868
317028
318193
319359
320526
321695
322866
324040
325218
326400
327585
328769
329957
331145
332334
333527
334723
335921
337121
338324
339533
340745
341959
343176
344394
345611
346832
348057
349283
350512
351743
352976
354213
355456
356703
357955
359211
360468
361724
362984
364244
365505
366765
368030
369299
370574
371855
373140
374426
375716
377009
378303
379596
380895
382195
383500
384810
386121
387438
388754
390077
391402
392735
394069
395404
396743
398083
399424
400769
402116
403472
404831
406197
407562
408927
410299
411675
413060
414444
415829
417220
418611
420002
421400
422803
424216
425633
427051
428469
429893
431320
432752
434185
435623
437069
438515
439967
441423
442883
444350
445824
447298
448773
450249
451731
453223
454720
456224
457729
459234
460744
462259
463779
465307
466842
468378
469914
471458
473010
474567
476128
477697
479266
480834
482412
483997
485591
487187
488790
490393
492004
493621
495244
496873
498512
500150
501789
503436
505093
506757
508427
510103
511779
513464
515160
516865
518576
520290
522005
523727
525456
527193
528938
530694
532449
534215
535981
537758
539545
541343
543141
544950
546760
548587
550424
552267
554110
555965
557819
559694
561573
563457
565347
567250
569155
571082
573010
574950
576890
578844
580807
582784
584777
586769
588772
590779
592799
594832
596880
598928
600991
603054
605146
607252
609359
611473
613604
615753
617905
620074
622242
624427
626622
628837
631071
633305
635556
637822
640092
642386
644690
647012
649341
651694
654073
656451
658846
661249
663680
666138
668595
671077
673598
676140
678676
681223
683788
686375
688985
691618
694251
696908
699604
702310
705040
707791
710563
713371
716207
719043
721906
724821
727741
730690
733673
736671
739696
742746
745822
748926
752058
755219
758410
761632
764884
768170
771488
774841
778230
781655
785118
788621
792164
795749
799377
803051
806772
810541
814362
818235
822163
826150
830196
834305
838481
842726
847044
851470
855990
860594
865276
869957
874800
879715
884693
889800
894973
900311
905755
911319
917102
922884
928934
935078
941470
