0
881
1762
2643
3524
4407
5293
6178
7064
7950
8835
9725
10615
11506
12396
13286
14177
15068
15963
16859
17754
18649
19545
20443
21343
22243
23145
24050
24955
25860
26765
27670
28579
29489
30400
31310
32220
33130
34040
34951
35866
36781
37697
38612
39530
40451
41371
42292
43214
44140
45065
45991
46917
47847
48778
49709
50640
51571
52502
53436
54372
55308
56244
57180
58118
59059
60001
60943
61890
62837
63784
64731
65678
66629
67582
68534
69487
70439
71392
72345
73299
74257
75216
76174
77132
78091
79055
80019
80983
81952
82922
83891
84861
85830
86805
87780
88755
89731
90706
91681
92656
93636
94617
95598
96579
97560
98545
99532
100519
101510
102503
103495
104488
105481
106478
107477
108476
109475
110474
111473
112472
113471
114474
115479
116484
117489
118494
119503
120514
121526
122537
123553
124570
125588
126606
127623
128646
129670
130694
131718
132742
133766
134790
135819
136850
137880
138911
139941
140978
142015
143053
144097
145141
146184
147228
148271
149318
150368
151418
152468
153519
154569
155619
156675
157732
158789
159846
160903
161967
163031
164094
165160
166231
167302
168373
169444
170519
171597
172675
173752
174830
175908
176986
178065
179150
180235
181320
182405
183490
184575
185666
186758
187850
188950
190050
191149
192249
193352
194459
195566
196673
197780
198887
199994
201103
202217
203332
204446
205561
206675
207797
208919
210042
211172
212302
213432
214567
215705
216843
217980
219118
220256
221394
222532
223676
224821
225967
227113
228258
229408
230562
231716
232870
234032
235194
236356
237518
238680
239849
241020
242190
243360
244531
245701
246871
248050
249229
250407
251586
252765
253944
255131
256318
257511
258707
259903
261099
262298
263503
264707
265912
267117
268321
269526
270731
271936
273150
274363
275577
276790
278013
279236
280458
281688
282920
284152
285384
286623
287864
289105
290346
291588
292829
294070
295315
296566
297816
299067
300318
301568
302828
304088
305349
306616
307886
309156
310426
311704
312984
314264
315544
316824
318104
319384
320664
321954
323244
324535
325825
327117
328417
329718
331019
332330
333641
334951
336262
337580
338901
340222
341544
342865
344186
345508
346839
348171
349503
350835
352170
353513
354856
356202
357556
358910
360264
361618
362984
364349
365714
367080
368445
369810
371176
372548
373925
375302
376679
378058
379446
380834
382227
383627
385027
386428
387828
389241
390653
392065
393478
394890
396313
397731
399151
400576
402007
403438
404875
406312
407749
409193
410636
412081
413531
414987
416444
417907
419369
420832
422298
423767
425239
426715
428198
429686
431175
432664
434154
435648
437145
438646
440149
441658
443168
444683
446200
447717
449237
450761
452285
453815
455354
456892
458435
459980
461526
463071
464622
466175
467735
469298
470866
472438
474013
475588
477164
478746
480329
481919
483515
485113
486718
488324
489931
491537
493151
494765
496387
498018
499648
501286
502925
504563
506202
507848
509494
511149
512812
514475
516147
517819
519491
521171
522852
524537
526229
527927
529625
531332
533038
534745
536457
538175
539899
541633
543371
545114
546857
548600
550347
552100
553852
555611
557382
559153
560925
562706
564487
566271
568062
569852
571653
573459
575269
577090
578910
580730
582561
584392
586233
588075
589927
591789
593651
595512
597379
599252
601135
603029
604923
606817
608711
610616
612522
614433
616349
618269
620200
622139
624080
626031
627981
629932
631894
633856
635841
637827
639825
641823
643821
645819
647829
649839
651862
653897
655932
657980
660028
662089
664150
666211
668285
670372
672459
674546
676647
678761
680875
682990
685118
687246
689388
691543
693699
695869
698039
700209
702386
704585
706784
708998
711213
713427
715641
717901
720152
722412
724672
726932
729198
731489
733807
736127
738467
740769
743093
745443
747784
750146
752529
754890
757260
759682
762109
764514
766943
769393
771822
774257
776707
779203
781707
784208
786710
789217
791757
794305
796865
799425
801987
804581
807182
809801
812444
815086
817729
820404
823107
825814
828522
831252
833983
836714
839467
842268
845045
847844
850669
853494
856329
859204
862083
865008
867934
870860
873809
876762
879740
882747
885777
888811
891873
894937
898057
901178
904311
907462
910613
913823
917035
920248
923460
926737
930022
933366
936709
940064
943478
946891
950304
953781
957267
960753
964315
967877
971518
975159
978881
982604
986328
990052
993858
997668
1001479
1005379
1009376
1013372
1017368
1021464
1025560
1029656
1033752
1037953
1042154
1046465
1050893
1055321
1059868
1064419
1068970
1073521
1078202
1082883
1087702
1092626
