0
981
1959
2937
3919
4901
5883
6868
7854
8843
9832
10821
11810
12800
13789
14781
15774
16767
17760
18753
19746
20739
21732
22725
23718
24711
25707
26704
27700
28697
29694
30694
31694
32695
33695
34699
35703
36708
37712
38720
39728
40736
41744
42753
43761
44769
45777
46786
47794
48802
49810
50822
51834
52846
53859
54874
55891
56907
57923
58939
59959
60979
61999
63019
64039
65060
66084
67108
68132
69156
70180
71204
72229
73257
74285
75313
76343
77375
78409
79445
80481
81520
82560
83600
84641
85684
86728
87773
88821
89870
90922
91975
93028
94082
95139
96196
97253
98310
99367
100424
101483
102545
103606
104667
105729
106794
107859
108929
109999
111070
112144
113219
114293
115367
116442
117519
118598
119676
120759
121842
122926
124013
125102
126194
127286
128379
129471
130563
131659
132756
133857
134963
136069
137177
138287
139398
140509
141623
142739
143859
144979
146105
147235
148365
149498
150633
151772
152917
154062
155212
156364
157519
158674
159833
160998
162163
163331
164501
165675
166851
168032
169214
170403
171595
172786
173978
175175
176375
177581
178789
180003
181216
182433
183656
184887
186119
187356
188592
189834
191083
192338
193592
194846
196107
197367
198632
199904
201183
202465
203750
205035
206320
207614
208925
210229
211537
212848
214165
215487
216811
218143
219480
220818
222157
223505
224863
226222
227585
228950
230326
231706
233093
234484
235878
237273
238673
240076
241490
242907
244331
245756
247183
248621
250063
251511
252967
254424
255888
257356
258829
260310
261799
263288
264785
266286
267801
269320
270844
272372
273905
275447
276999
278559
280122
281692
283265
284844
286433
288031
289637
291245
292863
294491
296129
297768
299406
301055
302712
304376
306047
307728
309408
311090
312782
314484
316197
317911
319635
321365
323101
324848
326604
328363
330135
331906
333687
335477
337277
339087
340908
342728
344561
346401
348260
350122
351995
353867
355765
357675
359598
361526
363467
365431
367410
369396
371389
373398
375430
377478
379526
381590
383684
385796
387910
390041
392195
394370
396554
398755
400978
403224
405484
407764
410084
412424
414765
417131
419536
421963
424413
426886
429395
431916
434475
437070
439692
442340
445042
447769
450517
453318
456168
459049
461963
464942
467922
470936
474020
477141
480299
483520
486756
490033
493327
496679
500083
503532
506985
510528
514130
517771
521494
525293
529148
533061
537033
541005
545037
549133
553229
557361
561589
565822
570172
574498
