0
6612
13264
19817
26059
32108
37991
43773
49391
54852
60239
65460
70634
75675
80590
85428
90164
94809
99381
103849
108268
112589
116831
121020
125117
129171
133143
137075
140969
144786
148552
152262
155911
159518
163093
166604
170084
173522
176911
180272
183592
186869
190119
193316
196487
199633
202739
205811
208866
211874
214853
217817
220738
223640
226524
229373
232201
235010
237786
240528
243257
245969
248653
251309
253949
256553
259140
261717
264268
266795
269315
271809
274282
276740
279182
281602
284002
286396
288770
291111
293452
295778
298079
300365
302645
304895
307142
309373
311582
313779
315963
318136
320284
322422
324547
326655
328751
330835
332907
334957
337005
339034
341051
343057
345054
347040
349008
350966
352915
354852
356779
358701
360610
362510
364400
366280
368144
370000
371855
373705
375547
377374
379195
381007
382810
384602
386389
388169
389940
391699
393454
395209
396950
398683
400407
402125
403837
405536
407231
408926
410613
412293
413960
415626
417285
418931
420574
422212
423846
425475
427094
428708
430318
431923
433515
435101
436687
438266
439841
441407
442969
444527
446081
447626
449168
450704
452234
453761
455279
456793
458306
459814
461320
462817
464311
465800
467283
468762
470234
471704
473171
474636
476092
477543
478990
480435
481877
483311
484738
486163
487588
489008
490421
491830
493235
494639
496039
497432
498818
500203
501587
502968
504347
505719
507084
508448
509806
511162
512513
513861
515207
516549
517888
519220
520549
521874
523198
524516
525831
527141
528452
529763
531070
532371
533666
534960
536249
537532
538810
540087
541363
542638
543911
545179
546442
547702
548959
550211
551460
552706
553950
555191
556430
557664
558897
560126
561354
562577
563796
565010
566223
567432
568638
569842
571045
572243
573441
574635
575824
577009
578193
579374
580554
581733
582911
584085
585255
586424
587588
588746
589902
591059
592215
593368
594520
595668
596814
597958
599101
600241
601376
602508
603638
604768
605896
607020
608143
609263
610380
611496
612610
613722
614831
615938
617043
618148
619252
620354
621453
622548
623642
624733
625820
626904
627987
629070
630151
631231
632311
633391
634467
635540
636610
637677
638741
639802
640862
641922
642979
644036
645093
646148
647202
648253
649301
650347
651392
652435
653477
654516
655554
656590
657625
658658
659690
660721
661748
662773
663797
664820
665841
666862
667882
668898
669912
670926
671937
672946
673954
674960
675966
676970
677971
678969
679963
680952
681938
682924
683913
684905
685898
686891
687882
688869
689853
690836
691819
692800
693779
694756
695732
696706
697680
698652
699621
700589
701555
702521
703487
704453
705419
706383
707345
708304
709261
710215
711169
712124
713078
714033
714985
715935
716884
717829
718773
719716
720658
721598
722536
723475
724413
725349
726285
727219
728153
729085
730015
730942
731870
732797
733723
734649
735573
736496
737418
738339
739260
740178
741095
742010
742924
743837
744748
745659
746569
747479
748389
749297
750205
751111
752015
752919
753822
754722
755621
756518
757414
758309
759203
760097
760990
761884
762778
763670
764562
765453
766342
767230
768115
768999
769883
770765
771647
772529
773410
774289
775169
776047
776925
777802
778679
779555
780430
781304
782175
783047
783918
784788
785658
786527
787395
788265
789130
