0
4647
9246
13590
17845
21899
25835
29667
33353
36958
40444
43848
47166
50435
53632
56790
59887
62912
65891
68849
71746
74595
77409
80168
82881
85547
88170
90792
93384
95929
98449
100930
103357
105784
108189
110544
112885
115205
117484
119744
121985
124206
126406
128584
130725
132845
134959
137060
139142
141191
143223
145239
147226
149212
151183
153127
155054
156972
158876
160762
162635
164490
166335
168168
169989
171790
173573
175345
177116
178868
180600
182324
184040
185748
187437
189117
190792
192459
194109
195747
197384
199013
200627
202235
203834
205421
206993
208553
210113
211665
213207
214735
216260
217779
219294
220795
222285
223770
225251
226720
228177
229633
231082
232521
233953
235378
236802
238220
239626
241022
242416
243807
245194
246571
247938
249303
250662
252014
253359
254700
256037
257367
258688
260005
261316
262624
263929
265226
266516
267801
269086
270364
271634
272897
274157
275416
276670
277921
279163
280400
281636
282869
284095
285314
286532
287746
288955
290163
291365
292560
293752
294940
296126
297306
298481
299651
300821
301988
303148
304303
305457
306606
307753
308898
310039
311174
312304
313433
314557
315675
316790
317906
319021
320137
321248
322353
323454
324549
325641
326734
327826
328915
329999
331079
332154
333228
334302
335372
336441
337506
338565
339622
340678
341730
342781
343827
344869
345909
346949
347987
349023
350056
351084
352112
353137
354161
355181
356197
357209
358218
359226
360230
361235
362235
363236
364233
365229
366222
367212
368197
369183
370165
371147
372129
373107
374085
375064
376039
377010
377979
378946
379911
380875
381836
382797
383755
384710
385662
386612
387562
388510
389457
390403
391345
392285
393221
394157
395093
396030
396963
397896
398827
399755
400680
401603
402525
403445
404364
405281
406194
407108
408019
408929
409839
410749
411658
412564
413468
414368
415269
416167
417065
417960
418855
419748
420639
421527
422415
423301
424187
425072
425956
426838
427720
428599
429478
430355
431229
432102
432974
433845
434716
435586
436453
437318
438181
439043
439905
440766
441626
442484
443341
444195
445049
445903
446755
447606
448457
449305
450153
