0
3672
7314
10971
14458
17986
21386
24679
27998
31198
34359
37509
40557
43641
46675
49642
52621
55557
58407
61287
64137
66907
69667
72397
75105
77780
80424
83045
85641
88211
90745
93241
95738
98190
100610
103015
105395
107747
110088
112405
114696
116976
119316
121609
123857
126064
128249
130415
132564
134695
136809
138906
140992
143059
145110
147158
149190
151208
153209
155195
157168
159126
161071
163003
164921
166827
168721
170602
172475
174334
176181
178014
179840
181661
183467
185262
187045
188817
190584
192343
194081
195811
197536
199260
200966
202657
204338
206018
207694
209363
211015
212659
214298
215936
217562
219171
220774
222373
223971
225560
227140
228710
230271
231831
233382
234933
236474
238007
239531
241055
242570
244078
245582
247074
248563
250046
251527
253008
254479
255938
257394
258842
260290
261731
263171
264601
266026
267449
268866
270276
271682
273084
274478
275873
277260
278644
280024
281396
282765
284131
285496
286857
288216
289565
290905
292242
293580
294913
296244
297572
298892
300210
301520
302827
304132
305435
306733
308026
309317
310602
311887
313166
314444
315714
316980
318241
319501
320761
322017
323272
324520
325765
327008
328244
329481
330715
331946
333171
334391
335610
336826
338040
339253
340466
341672
342871
344068
345265
346461
347653
348844
350032
351213
352388
353564
354739
355915
357086
358257
359422
360585
361745
362905
364061
365216
366370
367520
368668
369813
370954
372094
373233
374368
375502
376632
377762
378889
380014
381135
382255
383375
384490
385604
386715
387826
388937
390044
391150
392252
393353
394450
395545
396638
397730
398822
399911
400999
402083
403167
404246
405324
406398
407473
408547
409622
410694
411764
412832
413897
414960
416021
417083
418140
419197
420254
421311
422364
423417
424469
425516
426561
427605
428648
429688
430729
431769
432809
