0
840
1680
2522
3366
4213
5061
5910
6760
7611
8462
9314
10165
11016
11867
12718
13569
14422
15276
16130
16983
17837
18691
19547
20404
21261
22121
22980
23840
24699
25561
26423
27285
28148
29010
29872
30735
31597
32459
33323
34188
35053
35918
36783
37651
38519
39388
40259
41130
42001
42875
43749
44623
45496
46370
47245
48122
48998
49875
50752
51629
52505
53384
54264
55147
56030
56916
57801
58687
59573
60458
61344
62230
63119
64008
64900
65794
66689
67586
68483
69381
70280
71181
72082
72986
73890
74794
75701
76608
77517
78427
79337
80247
81158
82068
82982
83895
84811
85731
86650
87570
88492
89415
90338
91261
92184
93108
94035
94964
95894
96827
97759
98695
99631
100567
101506
102445
103385
104326
105270
106217
107164
108114
109063
110013
110963
111913
112863
113816
114769
115725
116684
117645
118607
119571
120535
121501
122468
123436
124405
125376
126348
127323
128297
129273
130251
131231
132212
133194
134177
135163
136149
137138
138127
139117
140110
141103
142096
143090
144087
145084
146080
147078
148084
149092
150100
151108
152117
153125
154133
155142
156156
157178
158202
159226
160248
161268
162290
163315
164343
165371
166399
167430
168462
169496
170532
171571
172612
173655
174699
175747
176800
177852
178905
179958
181011
182068
183125
184182
185241
186304
187372
188439
189502
190567
191632
192698
193767
194841
195916
196990
198065
199145
200230
201319
202414
203511
204608
205708
206806
207902
208999
210098
211205
212316
213425
214531
215637
216747
217862
218977
220088
221199
222310
223423
224541
225662
226786
227916
229041
230165
231287
232415
233545
234675
235805
236934
238064
239194
240326
241461
242599
243743
244888
246038
247188
248337
249490
250649
251809
252969
254129
255289
256451
257620
258791
259961
261131
262301
263475
264650
265831
267012
268198
269385
270571
271757
272943
274135
275326
276518
277714
278911
280114
281318
282526
283734
284948
286162
287375
288589
289808
291027
292248
293477
294707
295938
297169
298402
299639
300876
302118
303360
304603
305845
307093
308344
309603
310863
312124
313384
314644
315911
317179
318451
319729
321008
322293
323578
324863
326150
327441
328738
330036
331334
332631
333936
335240
336548
337859
339170
340480
341797
343114
344435
345759
347090
348424
349762
351099
352437
353780
355124
356469
357819
359173
360531
361889
363255
364620
365985
367354
368732
370112
371496
372883
374270
375657
377045
378440
379834
381236
382638
384041
385450
386867
388291
389716
391141
392566
393991
395423
396864
398304
399744
401193
402647
404103
405560
407017
408482
409946
411410
412883
414364
415853
417343
418832
420322
421811
423313
424819
426326
427832
429352
430876
432400
433924
435448
436973
438506
440048
441590
443134
444685
446246
447806
449366
450936
452512
454091
455670
457249
458837
460431
462030
463628
465227
466834
468448
470068
471696
473324
474953
476588
478230
479878
481517
483158
484816
486486
488156
489825
491501
493182
494862
496554
498241
499922
501621
503328
505041
506755
508475
510199
511924
513648
515373
517109
518856
520612
522372
524131
525890
527662
529445
531216
532989
534772
536576
538384
540192
541999
543807
545628
547461
549289
551112
552946
554804
556663
558509
560375
562247
564120
566006
567892
569764
571671
573595
575522
577415
579326
581259
583201
585146
587099
589027
590971
592957
594943
596914
598884
600885
602902
604903
606889
608921
610969
613017
615065
617109
619145
621215
623312
625384
627449
629546
631660
633774
635871
637987
640122
642271
644419
646551
648696
650880
653083
655279
657445
659658
661898
664134
666356
668565
670765
673028
675307
677587
679847
682111
684421
686741
689035
691323
693658
696001
698342
700682
703023
705374
707776
710203
712614
714978
717383
719831
722304
724757
727200
729628
732106
734620
737158
739660
742163
744704
747289
749812
752357
754954
757575
760197
762818
765440
768066
770764
773513
776332
779158
782044
785023
788065
791085
794217
797338
