0
2426
4779
7120
9460
11801
14106
16385
18665
20925
23169
25390
27593
29788
31973
34143
36293
38424
40539
42648
44739
46812
48876
50924
52956
54964
56956
58942
60919
62876
64811
66739
68652
70549
72435
74308
76170
78008
79841
81662
83468
85253
87036
88808
90576
92325
94061
95785
97499
99203
100899
102579
104260
105924
107570
109209
110847
112474
114085
115684
117273
118853
120422
121982
123541
125079
126610
128134
129647
131154
132649
134139
135626
137095
138551
140008
141463
142907
144340
145765
147183
148592
149997
151391
152783
154164
155542
156915
158281
159637
160988
162333
163671
165004
166334
167656
168970
170280
171583
172881
174174
175459
176741
178016
179289
180555
181819
183079
184333
185586
186832
188070
189307
190542
191771
192992
194207
195420
196632
197840
199045
200242
201434
202626
203815
205001
206183
207358
208533
209703
210871
212033
213193
214347
215502
216651
217799
218944
220085
221220
222355
223485
224615
225743
226868
227990
229107
230219
231329
232440
233546
234651
235750
236847
237941
239034
240126
241214
242302
243385
244464
245542
246616
247691
248763
249831
250897
251960
253021
254080
255137
256194
257247
258300
259349
260393
261437
262477
263518
264557
265593
266628
267660
268691
269719
270746
271770
272794
273816
274836
275854
276868
277880
278890
279898
280907
281913
282917
283922
284924
285922
286919
287914
288907
289900
290893
291884
292873
293860
294844
295826
296808
297788
298766
299744
300721
301696
302669
303640
304610
305577
306544
307508
308472
309435
310399
311363
312323
313280
314237
315191
316144
317097
318048
318998
319948
320898
321846
322792
323737
324680
325622
326562
327501
328437
329374
330310
331246
332182
333116
334049
334980
335908
336834
337760
338687
339612
340535
341458
342381
343301
344221
345141
346058
346975
347891
348807
349720
350633
351543
352453
353363
354274
355184
356092
356999
357906
358812
359715
360619
361519
362420
363318
364216
365114
366011
366909
367805
368700
369595
370490
371384
372276
373168
374057
374946
375835
376722
377608
378493
379379
380265
381150
382036
382921
383806
384688
385570
386450
387327
388204
389080
389957
390834
391709
392583
393457
394331
395205
396079
396951
397822
398692
399563
400431
401296
402161
403026
403892
404757
405622
406487
407352
408215
409077
409938
410797
411657
412516
413376
414235
415095
415953
416809
417665
418519
419373
420227
421079
421930
422781
423632
424483
425334
426186
427035
427883
428732
429580
430428
431277
432125
432972
433817
434662
435505
436348
437191
438034
438875
439716
440556
441396
442236
443076
443917
444756
445593
446431
447268
448106
448943
