0
5461
10662
15782
20646
25436
29988
34477
38788
43044
47140
51136
55036
58802
62526
66161
69723
73238
76651
79995
83272
86501
89652
92772
95835
98846
101798
104723
107584
110408
113205
115937
118653
121332
123975
126584
129164
131724
134240
136728
139207
141641
144050
146442
148803
151141
153442
155722
157997
160238
162461
164675
166861
169017
171171
173295
175403
177497
179577
181643
183691
185730
187743
189741
191731
193697
195651
197595
199517
201422
203316
205197
207059
208911
210745
212570
214386
216185
217966
219740
221507
223258
224995
226721
228437
230143
231839
233522
235198
236859
238514
240157
241787
243407
245019
246622
248217
249799
251373
252939
254497
256047
257590
259125
260648
262165
263674
265176
266672
268160
269638
271109
272574
274036
275488
276934
278370
279800
281224
282642
284054
285459
286856
288247
289631
291008
292375
293738
295095
296448
297798
299141
300478
301811
303139
304460
305776
307086
308391
309689
310982
312272
313556
314837
316113
317382
318649
319913
321169
322422
323670
324912
326153
327389
328619
329845
331067
332286
333501
334711
335916
337120
338318
339512
340703
341888
343070
344247
345420
346592
347760
348922
350082
351237
352390
353540
354687
355830
356971
358108
359242
360371
361497
362620
363739
364856
365971
367082
368192
369298
370400
371499
372596
373692
374782
375870
376955
378036
379113
380188
381261
382331
383399
384464
385527
386587
387645
388699
389750
390800
391848
392892
393934
394973
396008
397040
398073
399103
400129
401153
402177
403198
404215
405230
406243
407254
408263
409269
410274
411276
412277
413276
414274
415268
416258
417247
418233
419218
420201
421181
422160
423137
424112
425088
426061
427030
427998
428965
429931
430893
431854
432812
433769
434724
435677
436630
437581
438530
439476
440421
441365
442306
443246
444184
445122
446060
446994
447927
448858
449788
450716
451642
452567
453490
454411
455331
456249
457166
458081
458997
459909
460820
461729
462636
463542
464447
465350
466251
467153
468051
468950
469847
470743
471637
472529
473420
474310
475198
476085
476971
477855
478738
479620
480500
481378
482256
483133
484008
484881
485753
486624
487493
488361
489227
490093
490958
491822
492684
493545
494405
495264
496122
496978
497833
498687
499539
500391
501241
502089
502937
503783
504629
505474
506317
507158
508000
508840
509680
510518
511355
512190
513025
513858
514690
515521
516351
517180
518007
518833
519659
520483
521308
522131
522953
523774
524593
525412
526230
527046
527861
528676
529489
530301
531112
531922
532730
533539
534347
535153
535958
536762
537565
538367
539169
539968
540767
541566
542363
543160
543957
544751
545545
546337
547130
547922
548711
549500
550287
551075
551862
552647
553432
554216
554998
555780
556561
557341
558119
558897
559674
560450
561225
561999
562772
563544
564316
565086
565855
566624
567392
568160
568927
569693
570458
571222
571987
572750
573513
574274
575035
575794
576553
577311
578068
578825
579580
580335
581089
581842
582594
583345
584095
584845
585594
586343
587091
587838
588584
589330
590075
590819
591563
592307
593049
593791
594531
595272
596012
596751
597489
598226
598962
599698
600433
601168
