0
768
1536
2304
3072
3840
4608
5376
6146
6918
7693
8470
9247
10024
10801
11578
12355
13132
13909
14686
15464
16243
17023
17804
18587
19373
20162
20951
21741
22530
23322
24115
24908
25701
26494
27286
28081
28878
29677
30476
31276
32076
32879
33681
34484
35286
36089
36892
37698
38504
39310
40116
40923
41732
42541
43352
44167
44983
45799
46614
47430
48246
49062
49879
50698
51517
52336
53155
53975
54795
55617
56440
57263
58087
58914
59744
60574
61403
62233
63062
63893
64726
65559
66392
67225
68058
68892
69725
70562
71399
72235
73074
73914
74755
75599
76442
77286
78132
78980
79827
80674
81522
82369
83217
84066
84917
85769
86624
87479
88337
89195
90054
90912
91771
92629
93488
94349
95212
96074
96936
97800
98666
99532
100398
101264
102132
103002
103872
104743
105617
106491
107364
108241
109119
109996
110874
111752
112630
113507
114385
115265
116147
117029
117912
118798
119688
120578
121467
122357
123247
124136
125028
125921
126815
127709
128603
129500
130398
131296
132196
133098
134000
134902
135804
136706
137612
138518
139428
140338
141248
142159
143069
143981
144895
145811
146730
147648
148567
149486
150404
151327
152250
153173
154098
155025
155953
156880
157808
158735
159663
160595
161527
162458
163390
164325
165262
166198
167137
168077
169020
169965
170911
171856
172801
173747
174697
175647
176597
177546
178496
179446
180400
181354
182312
183271
184230
185192
186156
187120
188084
189047
190011
190975
191939
192904
193873
194841
195810
196778
197747
198716
199689
200663
201642
202625
203613
204601
205584
206567
207550
208538
209526
210514
211502
212490
213478
214470
215468
216466
217464
218462
219460
220463
221466
222469
223472
224475
225478
226481
227484
228492
229505
230519
231532
232546
233564
234588
235612
236631
237649
238663
239682
240707
241737
242765
243789
244813
245838
246869
247906
248949
249994
251040
252083
253120
254158
255202
256248
257294
258339
259385
260436
261487
262539
263590
264642
265700
266763
267825
268888
269951
271014
272076
273139
274202
275265
276332
277400
278469
279543
280618
281692
282766
283841
284915
285989
287064
288145
289235
290328
291420
292512
293605
294697
295789
296881
297974
299066
300162
301260
302359
303457
304562
305667
306778
307888
308999
310113
311231
312348
313465
314582
315699
316816
317933
319053
320177
321300
322424
323554
324684
325814
326946
328083
329219
330355
331492
332635
333778
334921
336064
337207
338350
339493
340643
341793
342943
344096
345257
346421
347584
348748
349911
351074
352242
353413
354583
355753
356924
358098
359275
360452
361630
362814
363999
365183
366368
367559
368751
369945
371144
372343
373542
374740
375939
377138
378337
379543
380757
381970
383184
384404
385625
386844
388062
389288
390517
391738
392963
394191
395420
396642
397873
399110
400340
401577
402821
404066
405310
406562
407815
409067
410325
411586
412838
414094
415355
416615
417875
419140
420402
421662
422929
424211
425496
426771
428039
429314
430607
431901
433194
434488
435781
437075
438368
439662
440959
442267
443578
444885
446193
447504
448821
450132
451450
452770
454089
455409
456737
458066
459394
460722
462055
463393
464730
466068
467405
468752
470104
471460
472816
474171
475527
476893
478258
479623
480989
482354
483719
485085
486450
487825
489200
490575
491953
493338
494723
496107
497501
498895
500290
501684
503084
504488
505893
507297
508701
510111
511526
512940
514355
515769
517190
518615
520039
521474
522909
524352
525798
527244
528689
530135
531581
533026
534482
535938
537394
538851
540315
541783
543250
544728
546206
547685
549170
550659
552149
553638
555128
556617
558113
559614
561115
562615
564116
565618
567130
568654
570178
571702
573235
574771
576307
577843
579379
580915
582451
583999
585547
587095
588643
590199
591760
593320
594893
596466
598038
599624
601210
602795
604381
605966
607552
609137
610736
612334
613938
615549
617161
618786
620410
622035
623660
625295
626934
628572
630210
631849
633487
635126
636778
638430
640082
641737
643403
645077
646757
648437
650118
651813
653508
655202
656897
658592
660287
661988
663698
665408
667126
668851
670575
672311
674051
675791
677547
679302
681057
682813
684568
686324
688095
689866
691637
693409
695196
696991
698794
700598
702402
704217
706037
707858
709678
711498
713319
715156
716994
718831
720671
722526
724380
726253
728125
729998
731888
733779
735669
737560
739450
741340
743244
745152
747061
748978
750906
752852
754799
756745
758711
760678
762644
764610
766576
768562
770548
772534
774520
776526
778532
780559
782586
784613
786661
788709
790757
792805
794853
796922
798992
801061
803153
805244
807358
809473
811587
813724
815862
817999
820136
822273
824410
826570
828731
830900
833084
835287
837496
839705
841939
844173
846407
848642
850876
853136
855395
857655
859941
862246
864559
866872
869185
871526
873866
876207
878548
880916
883285
885654
888052
890449
892877
895304
897737
900194
902652
905109
907567
910056
912544
915049
917570
920123
922676
925263
927850
930437
933024
935611
938198
940819
943476
946133
948799
951492
954185
956916
959647
962377
965108
967877
970646
973415
976224
979074
981923
984772
987664
990555
993446
996338
999259
1002194
1005128
1008107
1011111
1014136
1017161
1020233
1023305
1026377
1029449
1032570
1035690
1038862
1042033
1045256
1048479
1051756
1055032
1058309
1061586
1064918
1068251
1071640
1075030
1078480
1081929
1085440
1088950
1092461
1095972
1099547
1103122
1106762
1110466
1114176
1117911
1121692
1125473
1129253
1133108
1136964
1140896
1144908
1148921
1153017
1157113
1161209
1165376
1169559
1173761
1178035
1182404
1186843
1191312
1195780
1200276
1204849
1209530
1214211
1219006
1223802
1228717
