0
4454
8909
13273
17594
21837
25933
29954
33896
37730
41511
45252
48893
52490
56005
59446
62836
66197
69492
72742
75919
79065
82161
85208
88187
91144
94037
96908
99745
102546
105293
108024
110707
113346
115968
118548
121086
123600
126089
128541
130956
133351
135712
138041
140338
142605
144843
147066
149261
151431
153574
155705
157812
159895
161956
163995
166013
168011
169989
171947
173887
175808
177712
179598
181468
183321
185159
186981
188776
190552
192307
194047
195775
197487
199182
200857
202521
204173
205807
207423
209029
210621
212206
213775
215334
216873
218400
219914
221425
222923
224404
225869
227319
228764
230199
231619
233025
234418
235804
237184
238550
239904
241245
242576
243904
245223
246532
247833
249123
250407
251685
252959
254222
255476
256722
257963
259196
260423
261640
262849
264048
265239
266424
267605
268778
269943
271100
272249
273391
274529
275660
276788
277910
279027
280138
281243
282343
283437
284527
285611
286688
287760
288830
289896
290957
292015
293067
294113
295153
296188
297222
298251
299275
300295
301311
302321
303325
304326
305323
306318
307308
308292
309273
310248
311218
312184
313146
314105
315060
316014
316967
317916
318860
319800
320736
321668
322596
323523
324447
325367
326283
327195
328105
329014
329919
330821
331721
332617
333509
334398
335283
336169
337055
337937
338816
339692
340564
341434
342301
343167
344030
344891
345749
346605
347459
348312
349161
350007
350850
351691
352528
353365
354199
355034
355868
356699
357527
358353
359177
359999
360818
361633
362447
363257
364066
364873
