0
858
1717
2575
3434
4292
5151
6009
6868
7726
8585
9445
10306
11168
12032
12897
13761
14625
15491
16357
17223
18090
18956
19822
20694
21567
22441
23315
24189
25063
25936
26810
27684
28560
29436
30311
31187
32067
32947
33828
34710
35591
36473
37355
38238
39124
40010
40897
41785
42673
43562
44452
45341
46231
47121
48018
48916
49814
50712
51609
52507
53405
54303
55200
56098
57004
57910
58816
59722
60628
61534
62440
63346
64252
65161
66069
66977
67885
68793
69705
70620
71534
72451
73370
74290
75211
76132
77053
77974
78897
79820
80743
81666
82591
83521
84451
85382
86313
87245
88178
89112
90046
90981
91917
92854
93791
94729
95668
96607
97547
98488
99430
100372
101316
102259
103204
104150
105096
106043
106990
107939
108888
109838
110787
111737
112694
113651
114610
115569
116528
117487
118446
119405
120364
121323
122282
123241
124200
125159
126119
127085
128053
129022
129990
130959
131927
132896
133864
134840
135818
136796
137774
138753
139731
140709
141687
142665
143646
144626
145612
146597
147583
148571
149559
150547
151535
152523
153513
154504
155499
156495
157493
158491
159489
160487
161485
162483
163481
164481
165482
166488
167496
168504
169512
170521
171529
172537
173545
174553
175564
176580
177596
178615
179634
180653
181671
182690
183709
184727
185746
186767
187797
188826
189855
190885
191914
192944
193973
195002
196034
197064
198093
199122
200160
201200
202240
203281
204321
205364
206407
207456
208504
209555
210607
211658
212710
213761
214812
215864
216915
217967
219018
220078
221141
222203
223266
224329
225392
226454
227517
228583
229657
230731
231806
232880
233954
235029
236103
237178
238252
239326
240401
241475
242558
243644
244731
245817
246903
247989
249076
250165
251263
252362
253460
254558
255657
256755
257853
258952
260053
261161
262272
263382
264493
265604
266715
267826
268936
270047
271158
272269
273379
274490
275614
276737
277861
278984
280108
281231
282355
283481
284608
285741
286874
288011
289147
290280
291410
292548
293687
294830
295974
297119
298264
299409
300553
301698
302850
304005
305160
306315
307470
308624
309782
310939
312102
313267
314432
315597
316762
317927
319092
320260
321433
322608
323784
324959
326138
327316
328502
329688
330874
332060
333247
334433
335622
336810
338005
339202
340399
341596
342793
343990
345187
346386
347586
348794
350002
351210
352418
353629
354846
356065
357284
358503
359723
360942
362161
363382
364604
365825
367046
368271
369504
370736
371973
373209
374446
375682
376919
378155
379392
380628
381865
383117
384370
385622
386874
388126
389379
390635
391899
393164
394432
395701
396969
398237
399506
400774
402043
403315
404588
405873
407158
408443
409728
411013
412298
413583
414868
416153
417442
418736
420033
421336
422638
423940
425242
426544
427846
429148
430450
431756
433071
434391
435710
437030
438349
439669
440988
442308
443632
444965
446302
447640
448977
450315
451652
452990
454327
455665
457002
458353
459709
461065
462421
463777
465133
466489
467845
469201
470561
471931
473306
474681
476056
477431
478806
480181
481555
482930
484305
485680
487060
488444
489834
491228
492623
494017
495411
496806
498205
499614
501029
502443
503858
505272
506687
508101
509516
510930
512360
513795
515230
516665
518100
519535
520970
522406
523841
525276
526727
528183
529639
531096
532552
534009
535465
536921
538378
539834
541312
542790
544269
545747
547225
548703
550182
551660
553138
554616
556112
557612
559113
560614
562115
563616
565117
566617
568118
569619
571137
572661
574185
575710
577234
578758
580282
581806
583354
584896
586438
587986
589534
591082
592630
594179
595727
597275
598823
600396
601969
603541
605114
606687
608260
609833
611412
613010
614609
616207
617806
619404
621003
622601
624206
625824
627449
629074
630699
632324
633949
635573
637205
638850
640502
642155
643807
645459
647111
648763
650415
652096
653776
655457
657137
658817
660498
662178
663859
665539
667249
668958
670668
672378
674087
675797
677507
679216
680933
682666
684405
686145
687885
689625
691365
693105
694853
696616
698387
700158
701930
703701
705472
707276
709047
710851
712654
714458
716262
718066
719869
721673
723485
725323
727160
728998
730835
732673
734510
736347
738185
740049
741921
743793
745666
747538
749411
751283
753156
755065
756973
758882
760791
762700
764609
766517
768436
770382
772329
774275
776222
778169
780115
782062
784008
785965
787951
789937
791923
793909
795894
797880
799866
801893
803920
805957
808027
810108
812222
814336
816450
818564
820678
822792
824906
827020
829181
831341
833502
835662
837823
839983
842192
844401
846610
848820
851029
853238
855459
857706
859966
862226
864477
866737
869023
871309
873595
875882
878204
880526
882848
885170
887520
889879
892239
894598
896967
899364
901762
904160
906567
908965
911402
913839
916277
918745
921223
923701
926190
928710
931231
933752
936272
938826
941390
943954
946519
949117
951727
954337
956982
959639
962296
964953
967646
970351
973057
975763
978506
981262
984018
986787
989596
992405
995227
998090
1000953
1003803
1006652
1009587
1012521
1015456
1018390
1021347
1024348
1027373
1030398
1033422
1036471
1039591
1042712
1045833
1048954
1052099
1055296
1058533
1061782
1065045
1068350
1071654
1075001
1078361
1081737
1085156
1088590
1092070
1095550
1099092
1102635
1106177
1109785
1113426
1117101
1120810
1124543
1128300
1132130
1135960
1139790
1143620
1147450
1151280
1155110
1158940
1162872
1166805
1170737
1174669
1178709
1182749
1186902
1191056
1195210
1199453
1203727
1208001
1212403
1216805
1221307
1225844
1230381
1235062
1239744
1244462
1249297
1254131
