0
738
1476
2214
2952
3691
4430
5171
5913
6657
7402
8148
8896
9646
10397
11149
11901
12653
13406
14159
14913
15669
16426
17184
17942
18701
19462
20223
20986
21751
22517
23282
24049
24817
25587
26358
27130
27903
28676
29451
30227
31004
31784
32564
33344
34125
34907
35690
36472
37255
38040
38827
39615
40402
41192
41982
42775
43568
44364
45160
45959
46759
47560
48363
49166
49969
50773
51576
52379
53183
53990
54798
55607
56418
57231
58045
58861
59679
60498
61318
62137
62957
63779
64603
65428
66255
67083
67910
68739
69568
70400
71234
72069
72905
73741
74580
75420
76262
77104
77948
78792
79638
80484
81331
82179
83030
83882
84735
85589
86444
87300
88157
89016
89878
90740
91602
92465
93329
94195
95064
95934
96806
97678
98552
99428
100307
101185
102065
102946
103827
104708
105589
106472
107358
108245
109135
110029
110927
111827
112727
113627
114527
115428
116326
117223
118123
119025
119930
120839
121750
122663
123579
124494
125409
126327
127245
128165
129085
130007
130931
131858
132788
133718
134649
135581
136515
137451
138390
139331
140273
141214
142156
143098
144041
144987
145935
146887
147843
148801
149758
150717
151677
152638
153599
154560
155524
156491
157461
158431
159405
160381
161361
162341
163320
164303
165286
166272
167258
168245
169234
170226
171219
172215
173211
174207
175206
176209
177215
178221
179231
180241
181251
182264
183277
184294
185314
186334
187358
188382
189406
190430
191458
192489
193524
194563
195601
196640
197679
198721
199765
200812
201861
202913
203966
205022
206079
207136
208196
209260
210325
211393
212462
213534
214607
215680
216758
217838
218920
220005
221092
222180
223272
224364
225460
226561
227661
228762
229864
230968
232076
233188
234301
235418
236535
237652
238771
239894
241020
242148
243278
244413
245548
246686
247827
248970
250116
251264
252416
253568
254721
255877
257034
258194
259360
260530
261700
262873
264048
265226
266406
267590
268777
269966
271155
272344
273539
274737
275939
277143
278351
279560
280770
281984
283197
284421
285646
286875
288104
289337
290571
291805
293042
294286
295531
296781
298030
299280
300535
301792
303056
304326
305598
306869
308144
309421
310699
311985
313272
314561
315855
317148
318447
319748
321057
322368
323680
324997
326313
327631
328954
330281
331616
332950
334290
335630
336974
338321
339669
341026
342385
343750
345116
346481
347849
349226
350606
351990
353375
354766
356157
357555
358956
360367
361778
363194
364612
366030
367455
368879
370304
371738
373176
374622
376068
377514
378967
380427
381890
383358
384832
386307
387781
389262
390747
392236
393733
395237
396741
398246
399758
401277
402801
404329
405860
407396
408932
410476
412025
413578
415136
416699
418267
419836
421413
422995
424582
426176
427774
429376
430984
432596
434207
435831
437461
439096
440735
442373
444021
445671
447328
448994
450669
452345
454021
455706
457401
459102
460807
462513
464227
465948
467672
469407
471149
472894
474650
476405
478169
479940
481717
483504
485292
487090
488893
490703
492512
494332
496163
498007
499850
501696
503551
505418
507295
509173
511064
512954
514845
516747
518665
520593
522522
524462
526402
528355
530322
532299
534291
536283
538276
540282
542315
544349
546396
548444
550494
552556
554633
556724
558831
560937
563044
565166
567315
569469
571638
573806
575984
578153
580367
582581
584801
587055
589315
591575
593850
596142
598449
600746
603070
605410
607762
610114
612508
614917
617326
619742
622183
624651
627134
629620
632136
634676
637216
639776
642355
644968
647589
650228
652881
655566
658272
660993
663731
666487
669263
672080
674905
677755
680635
683535
686460
689412
692391
695397
698431
701494
704585
707706
710857
714026
717239
720486
723763
727072
730451
733864
737277
740727
744250
747812
751413
755039
758734
762458
766224
770079
773980
777928
781924
786000
790096
794244
798499
802755
807124
811493
815992
820481
824909
829398
833976
838592
843410
847962
852628
857447
862255
867146
871931
876822
881787
886828
891869
896989
902109
907310
912512
917713
923085
928534
933996
939457
944970
950432
955985
961635
967487
973338
